[{"scanno": 1, "logno": 1, "kind": 1, "range": 1.0, "cal": 1.0, "coil_type": 6001, "loc": [0.021592000499367714, 0.12434100359678268, 0.03649099916219711, 0.9826532602310181, -0.1794603019952774, -0.046761155128479004, 0.0, 0.2521463632583618, -0.9676890969276428, 0.1854524314403534, 0.9509028196334839, 0.2477724403142929], "unit": 112, "unit_mul": 0, "ch_name": "MEG 000", "coord_frame": 1}, {"scanno": 2, "logno": 2, "kind": 1, "range": 1.0, "cal": 1.0, "coil_type": 6001, "loc": [0.045504000037908554, 0.1176460012793541, 0.03579799830913544, 0.9218378663063049, -0.37110012769699097, -0.11180173605680466, 0.0, 0.2884642481803894, -0.9574906826019287, 0.3875757157802582, 0.882651150226593, 0.26591727137565613], "unit": 112, "unit_mul": 0, "ch_name": "MEG 001", "coord_frame": 1}, {"scanno": 3, "logno": 3, "kind": 1, "range": 1.0, "cal": 1.0, "coil_type": 6001, "loc": [0.06640700250864029, 0.10495200008153915, 0.035179998725652695, 0.8105384111404419, -0.5568886399269104, -0.18139073252677917, 0.0, 0.3097067177295685, -0.9508321285247803, 0.5856854915618896, 0.7706859707832336, 0.2510291635990143], "unit": 112, "unit_mul": 0, "ch_name": "MEG 002", "coord_frame": 1}, {"scanno": 4, "logno": 4, "kind": 1, "range": 1.0, "cal": 1.0, "coil_type": 6001, "loc": [-0.002032000105828047, 0.11795499920845032, 0.05767500028014183, 0.9997183680534363, 0.02111118473112583, 0.010838931426405907, 0.0, 0.45673978328704834, -0.8896003365516663, -0.023731088265776634, 0.8893498182296753, 0.45661115646362305], "unit": 112, "unit_mul": 0, "ch_name": "MEG 003", "coord_frame": 1}, {"scanno": 5, "logno": 5, "kind": 1, "range": 1.0, "cal": 1.0, "coil_type": 6001, "loc": [0.04504400119185448, 0.10803099721670151, 0.05643700063228607, 0.9154735207557678, -0.35542601346969604, -0.18862830102443695, 0.0, 0.46878349781036377, -0.8833131194114685, 0.40237829089164734, 0.8086497187614441, 0.42915886640548706], "unit": 112, "unit_mul": 0, "ch_name": "MEG 004", "coord_frame": 1}, {"scanno": 6, "logno": 6, "kind": 1, "range": 1.0, "cal": 1.0, "coil_type": 6001, "loc": [0.022144999355077744, 0.10324099659919739, 0.07644499838352203, 0.9817299842834473, -0.1490141749382019, -0.11832574754953384, 0.0, 0.6218529939651489, -0.7831339836120605, 0.1902792900800705, 0.7688261270523071, 0.6104917526245117], "unit": 112, "unit_mul": 0, "ch_name": "MEG 005", "coord_frame": 1}, {"scanno": 7, "logno": 7, "kind": 1, "range": 1.0, "cal": 1.0, "coil_type": 6001, "loc": [0.06294000148773193, 0.08153799921274185, 0.07463700324296951, 0.8289639353752136, -0.3840673267841339, -0.40658462047576904, 0.0, 0.7269499897956848, -0.6866903901100159, 0.559302031993866, 0.5692415833473206, 0.6026153564453125], "unit": 112, "unit_mul": 0, "ch_name": "MEG 006", "coord_frame": 1}, {"scanno": 8, "logno": 8, "kind": 1, "range": 1.0, "cal": 1.0, "coil_type": 6001, "loc": [0.07832600176334381, 0.06420700252056122, 0.07355800271034241, 0.7201882600784302, -0.40181729197502136, -0.5655720829963684, 0.0, 0.8152052760124207, -0.5791721343994141, 0.6937786936759949, 0.41711294651031494, 0.5871012806892395], "unit": 112, "unit_mul": 0, "ch_name": "MEG 007", "coord_frame": 1}, {"scanno": 9, "logno": 9, "kind": 1, "range": 1.0, "cal": 1.0, "coil_type": 6001, "loc": [0.08840399980545044, 0.04296199977397919, 0.0719589963555336, 0.6233715415000916, -0.286813348531723, -0.7274242639541626, 0.0, 0.9302983283996582, -0.3668037950992584, 0.7819257974624634, 0.22865505516529083, 0.5799214839935303], "unit": 112, "unit_mul": 0, "ch_name": "MEG 008", "coord_frame": 1}, {"scanno": 10, "logno": 10, "kind": 1, "range": 1.0, "cal": 1.0, "coil_type": 6001, "loc": [-0.0006960000027902424, 0.08913800120353699, 0.09206800162792206, 0.9999713897705078, 0.004805897828191519, 0.005844532046467066, 0.0, 0.7723999619483948, -0.6351364850997925, -0.007566716987639666, 0.635118305683136, 0.7723778486251831], "unit": 112, "unit_mul": 0, "ch_name": "MEG 009", "coord_frame": 1}, {"scanno": 11, "logno": 11, "kind": 1, "range": 1.0, "cal": 1.0, "coil_type": 6001, "loc": [0.02433899976313114, 0.08556599915027618, 0.09227000176906586, 0.9759422540664673, -0.14046013355255127, -0.16675636172294617, 0.0, 0.764835000038147, -0.6442261934280396, 0.2180292010307312, 0.6287276148796082, 0.7464348077774048], "unit": 112, "unit_mul": 0, "ch_name": "MEG 010", "coord_frame": 1}, {"scanno": 12, "logno": 12, "kind": 1, "range": 1.0, "cal": 1.0, "coil_type": 6001, "loc": [0.047276001423597336, 0.07405900210142136, 0.0916140004992485, 0.9120418429374695, -0.23062032461166382, -0.33910760283470154, 0.0, 0.8268957138061523, -0.5623553395271301, 0.4100971817970276, 0.5128915905952454, 0.7541634440422058], "unit": 112, "unit_mul": 0, "ch_name": "MEG 011", "coord_frame": 1}, {"scanno": 13, "logno": 13, "kind": 1, "range": 1.0, "cal": 1.0, "coil_type": 6001, "loc": [0.07632099837064743, 0.03380599990487099, 0.0882830023765564, 0.7365990877151489, -0.12172522395849228, -0.6652854681015015, 0.0, 0.9836704134941101, -0.1799791306257248, 0.6763296723365784, 0.1325724571943283, 0.7245707511901855], "unit": 112, "unit_mul": 0, "ch_name": "MEG 012", "coord_frame": 1}, {"scanno": 14, "logno": 14, "kind": 1, "range": 1.0, "cal": 1.0, "coil_type": 6001, "loc": [0.033376000821590424, 0.061455000191926956, 0.10459800064563751, 0.9524023532867432, -0.12351591885089874, -0.2786997854709625, 0.0, 0.9142379760742188, -0.4051777124404907, 0.30484381318092346, 0.38589221239089966, 0.8707223534584045], "unit": 112, "unit_mul": 0, "ch_name": "MEG 013", "coord_frame": 1}, {"scanno": 15, "logno": 15, "kind": 1, "range": 1.0, "cal": 1.0, "coil_type": 6001, "loc": [0.05038899928331375, 0.046101998537778854, 0.10296399891376495, 0.893996000289917, -0.12470747530460358, -0.4303709864616394, 0.0, 0.9604888558387756, -0.2783183455467224, 0.44807493686676025, 0.24881549179553986, 0.8586732149124146], "unit": 112, "unit_mul": 0, "ch_name": "MEG 014", "coord_frame": 1}, {"scanno": 16, "logno": 16, "kind": 1, "range": 1.0, "cal": 1.0, "coil_type": 6001, "loc": [0.01355700008571148, 0.04789000004529953, 0.11426600068807602, 0.9934955835342407, -0.03167354688048363, -0.1093769371509552, 0.0, 0.9605365991592407, -0.2781536877155304, 0.11387066543102264, 0.2763444781303406, 0.9542888402938843], "unit": 112, "unit_mul": 0, "ch_name": "MEG 015", "coord_frame": 1}, {"scanno": 17, "logno": 17, "kind": 1, "range": 1.0, "cal": 1.0, "coil_type": 6001, "loc": [0.09425300359725952, -0.006378999911248684, 0.0711980015039444, 0.5787947177886963, -0.03275270015001297, -0.8148152828216553, 0.0, 0.9991930723190308, -0.0401640385389328, 0.8154732584953308, 0.023246733471751213, 0.5783277153968811], "unit": 112, "unit_mul": 0, "ch_name": "MEG 016", "coord_frame": 1}, {"scanno": 18, "logno": 18, "kind": 1, "range": 1.0, "cal": 1.0, "coil_type": 6001, "loc": [0.0918710008263588, -0.03018599934875965, 0.07307499647140503, 0.6081549525260925, 0.20777693390846252, -0.766143798828125, 0.0, 0.9651374220848083, 0.2617436945438385, 0.7938183546066284, -0.15918071568012238, 0.5869531035423279], "unit": 112, "unit_mul": 0, "ch_name": "MEG 017", "coord_frame": 1}, {"scanno": 19, "logno": 19, "kind": 1, "range": 1.0, "cal": 1.0, "coil_type": 6001, "loc": [0.08336299657821655, -0.051993001252412796, 0.07469499856233597, 0.7001987099647522, 0.35626721382141113, -0.6187046766281128, 0.0, 0.8665962219238281, 0.49900999665260315, 0.7139480113983154, -0.3494061529636383, 0.6067895293235779], "unit": 112, "unit_mul": 0, "ch_name": "MEG 018", "coord_frame": 1}, {"scanno": 20, "logno": 20, "kind": 1, "range": 1.0, "cal": 1.0, "coil_type": 6001, "loc": [0.05136299878358841, -0.08604999631643295, 0.07659599930047989, -0.3773459792137146, -0.7547277808189392, -0.5366526246070862, 0.8180204629898071, 0.0, -0.5751891136169434, 0.43411117792129517, -0.6560381054878235, 0.6173827648162842], "unit": 112, "unit_mul": 0, "ch_name": "MEG 019", "coord_frame": 1}, {"scanno": 21, "logno": 21, "kind": 1, "range": 1.0, "cal": 1.0, "coil_type": 6001, "loc": [0.02972700074315071, -0.0957299992442131, 0.07691200077533722, -0.27184170484542847, -0.6703894734382629, -0.6904202103614807, 0.9304736256599426, 0.0, -0.36635884642601013, 0.24560311436653137, -0.7420094013214111, 0.6237797141075134], "unit": 112, "unit_mul": 0, "ch_name": "MEG 020", "coord_frame": 1}, {"scanno": 22, "logno": 22, "kind": 1, "range": 1.0, "cal": 1.0, "coil_type": 6001, "loc": [0.08060500025749207, 0.005789999850094318, 0.0866990014910698, 0.7149176001548767, -0.0350128635764122, -0.6983315348625183, 0.0, 0.9987454414367676, -0.0500749833881855, 0.6992087364196777, 0.03579948469996452, 0.7140206694602966], "unit": 112, "unit_mul": 0, "ch_name": "MEG 021", "coord_frame": 1}, {"scanno": 23, "logno": 23, "kind": 1, "range": 1.0, "cal": 1.0, "coil_type": 6001, "loc": [0.07841499894857407, -0.021285999566316605, 0.08852100372314453, 0.723405122756958, 0.066747285425663, -0.6871897578239441, 0.0, 0.9953159093856812, 0.0966758206486702, 0.6904237866401672, -0.06993578374385834, 0.7200166583061218], "unit": 112, "unit_mul": 0, "ch_name": "MEG 022", "coord_frame": 1}, {"scanno": 24, "logno": 24, "kind": 1, "range": 1.0, "cal": 1.0, "coil_type": 6001, "loc": [0.05294499918818474, -0.06547900289297104, 0.09229300171136856, -0.24000252783298492, -0.8855633735656738, -0.397713840007782, 0.8561849594116211, 0.0, -0.5166693925857544, 0.4575434923171997, -0.46451857686042786, 0.7582060694694519], "unit": 112, "unit_mul": 0, "ch_name": "MEG 023", "coord_frame": 1}, {"scanno": 25, "logno": 25, "kind": 1, "range": 1.0, "cal": 1.0, "coil_type": 6001, "loc": [0.03129199892282486, -0.0784510001540184, 0.09277500212192535, -0.18654826283454895, -0.8026209473609924, -0.5665680766105652, 0.9498375654220581, 0.0, -0.312743604183197, 0.2510145604610443, -0.596489429473877, 0.7623594999313354], "unit": 112, "unit_mul": 0, "ch_name": "MEG 024", "coord_frame": 1}, {"scanno": 26, "logno": 26, "kind": 1, "range": 1.0, "cal": 1.0, "coil_type": 6001, "loc": [0.06415669620037079, -0.001224304549396038, 0.10058235377073288, 0.8326589465141296, -0.01930471882224083, -0.5534495711326599, 0.0, 0.9993922114372253, -0.03485951945185661, 0.5537861585617065, 0.0290260910987854, 0.8321528434753418], "unit": 112, "unit_mul": 0, "ch_name": "MEG 025", "coord_frame": 1}, {"scanno": 27, "logno": 27, "kind": 1, "range": 1.0, "cal": 1.0, "coil_type": 6001, "loc": [0.05962599813938141, -0.026023000478744507, 0.10272800177335739, 0.8545095324516296, 0.06677082926034927, -0.5151262879371643, 0.0, 0.9917036890983582, 0.12854494154453278, 0.519435703754425, -0.10984288156032562, 0.8474202752113342], "unit": 112, "unit_mul": 0, "ch_name": "MEG 026", "coord_frame": 1}, {"scanno": 28, "logno": 28, "kind": 1, "range": 1.0, "cal": 1.0, "coil_type": 6001, "loc": [0.046560000628232956, -0.04588799923658371, 0.10446099936962128, 0.9125099778175354, 0.13815587759017944, -0.3850175440311432, 0.0, 0.9412378668785095, 0.33774444460868835, 0.4090544581413269, -0.30819517374038696, 0.8588889241218567], "unit": 112, "unit_mul": 0, "ch_name": "MEG 027", "coord_frame": 1}, {"scanno": 29, "logno": 29, "kind": 1, "range": 1.0, "cal": 1.0, "coil_type": 6001, "loc": [0.045106999576091766, 0.011742999777197838, 0.11105400323867798, 0.9272058606147766, -0.0033374340273439884, -0.37453728914260864, 0.0, 0.9999603033065796, -0.008910465054214, 0.3745521605014801, 0.00826183520257473, 0.9271690249443054], "unit": 112, "unit_mul": 0, "ch_name": "MEG 028", "coord_frame": 1}, {"scanno": 30, "logno": 30, "kind": 1, "range": 1.0, "cal": 1.0, "coil_type": 6001, "loc": [0.04291566461324692, -0.016041593626141548, 0.1120341494679451, 0.9395663738250732, 0.009856020100414753, -0.3422248363494873, 0.0, 0.9995855689048767, 0.028787901625037193, 0.3423667252063751, -0.027048146352171898, 0.9391769766807556], "unit": 112, "unit_mul": 0, "ch_name": "MEG 029", "coord_frame": 1}, {"scanno": 31, "logno": 31, "kind": 1, "range": 1.0, "cal": 1.0, "coil_type": 6001, "loc": [0.027364950627088547, -0.03617901727557182, 0.11396867036819458, 0.9750737547874451, 0.04649355262517929, -0.21695512533187866, 0.0, 0.9777994751930237, 0.20954275131225586, 0.2218809872865677, -0.20431962609291077, 0.9534265995025635], "unit": 112, "unit_mul": 0, "ch_name": "MEG 030", "coord_frame": 1}, {"scanno": 32, "logno": 32, "kind": 1, "range": 1.0, "cal": 1.0, "coil_type": 6001, "loc": [0.004354000091552734, -0.044544000178575516, 0.11477400362491608, -0.005405954550951719, -0.9606678485870361, -0.277647465467453, 0.999810516834259, 0.0, -0.019466882571578026, 0.018701206892728806, -0.2777000963687897, 0.9604857563972473], "unit": 112, "unit_mul": 0, "ch_name": "MEG 031", "coord_frame": 1}, {"scanno": 33, "logno": 33, "kind": 1, "range": 1.0, "cal": 1.0, "coil_type": 6001, "loc": [0.02186746522784233, 0.01623263955116272, 0.11776603013277054, 0.9837085604667664, -0.0007761692977510393, -0.17976902425289154, 0.0, 0.999990701675415, -0.004317551851272583, 0.17977070808410645, 0.004247212316840887, 0.983699381351471], "unit": 112, "unit_mul": 0, "ch_name": "MEG 032", "coord_frame": 1}, {"scanno": 34, "logno": 34, "kind": 1, "range": 1.0, "cal": 1.0, "coil_type": 6001, "loc": [0.023127000778913498, -0.009204000234603882, 0.11787600070238113, 0.9870532155036926, -0.0024803720880299807, -0.16037379205226898, 0.0, 0.9998804330825806, -0.015464344061911106, 0.16039296984672546, 0.01526413019746542, 0.9869351983070374], "unit": 112, "unit_mul": 0, "ch_name": "MEG 033", "coord_frame": 1}, {"scanno": 35, "logno": 35, "kind": 1, "range": 1.0, "cal": 1.0, "coil_type": 6001, "loc": [0.09315600246191025, 0.08434300124645233, -0.062272001057863235, 0.5898029804229736, -0.8075394630432129, -0.003530192654579878, 0.0, 0.0043715001083910465, -0.9999904632568359, 0.8075471520423889, 0.5897973775863647, 0.0025783239398151636], "unit": 112, "unit_mul": 0, "ch_name": "MEG 034", "coord_frame": 1}, {"scanno": 36, "logno": 36, "kind": 1, "range": 1.0, "cal": 1.0, "coil_type": 6001, "loc": [0.10461399704217911, 0.06417500227689743, -0.06105099990963936, 0.4146576523780823, -0.9092390537261963, -0.03665200620889664, 0.0, 0.04027792438864708, -0.9991885423660278, 0.9099774956703186, 0.4143211841583252, 0.016701551154255867], "unit": 112, "unit_mul": 0, "ch_name": "MEG 035", "coord_frame": 1}, {"scanno": 37, "logno": 37, "kind": 1, "range": 1.0, "cal": 1.0, "coil_type": 6001, "loc": [0.1127609983086586, 0.04040699824690819, -0.06128299981355667, 0.18552415072917938, -0.9813358187675476, -0.05060429126024246, 0.0, 0.05149831995368004, -0.9986730813980103, 0.982639729976654, 0.18527796864509583, 0.0095541812479496], "unit": 112, "unit_mul": 0, "ch_name": "MEG 036", "coord_frame": 1}, {"scanno": 38, "logno": 38, "kind": 1, "range": 1.0, "cal": 1.0, "coil_type": 6001, "loc": [0.09126900136470795, 0.08622299879789352, -0.03681899979710579, 0.6013984680175781, -0.7985950112342834, -0.02378702536225319, 0.0, 0.029772888869047165, -0.9995566606521606, 0.7989492416381836, 0.6011318564414978, 0.01790536940097809], "unit": 112, "unit_mul": 0, "ch_name": "MEG 037", "coord_frame": 1}, {"scanno": 39, "logno": 39, "kind": 1, "range": 1.0, "cal": 1.0, "coil_type": 6001, "loc": [0.10393600165843964, 0.0658000037074089, -0.03655900061130524, 0.4210474491119385, -0.9063630104064941, -0.03500130772590637, 0.0, 0.03858855366706848, -0.9992551803588867, 0.9070386290550232, 0.42073383927345276, 0.016247611492872238], "unit": 112, "unit_mul": 0, "ch_name": "MEG 038", "coord_frame": 1}, {"scanno": 40, "logno": 40, "kind": 1, "range": 1.0, "cal": 1.0, "coil_type": 6001, "loc": [0.11160299926996231, 0.04380600154399872, -0.036646001040935516, 0.21256116032600403, -0.9734321236610413, -0.08513343334197998, 0.0, 0.08712442219257355, -0.9961974620819092, 0.9771477580070496, 0.21175287663936615, 0.018519267439842224], "unit": 112, "unit_mul": 0, "ch_name": "MEG 039", "coord_frame": 1}, {"scanno": 41, "logno": 41, "kind": 1, "range": 1.0, "cal": 1.0, "coil_type": 6001, "loc": [0.11484000086784363, 0.019158000126481056, -0.036747999489307404, 0.05146166682243347, -0.9333736896514893, -0.3551974296569824, 0.0, 0.35566872358322144, -0.9346120953559875, 0.9986749887466431, 0.04809669777750969, 0.01830330491065979], "unit": 112, "unit_mul": 0, "ch_name": "MEG 040", "coord_frame": 1}, {"scanno": 42, "logno": 42, "kind": 1, "range": 1.0, "cal": 1.0, "coil_type": 6001, "loc": [0.09061100333929062, 0.08848799765110016, -0.011966000311076641, -0.6072500944137573, 0.79437655210495, -0.014603350311517715, 0.0, 0.01838030479848385, 0.9998310804367065, 0.7945107817649841, 0.6071475148200989, -0.01116144098341465], "unit": 112, "unit_mul": 0, "ch_name": "MEG 041", "coord_frame": 1}, {"scanno": 43, "logno": 43, "kind": 1, "range": 1.0, "cal": 1.0, "coil_type": 6001, "loc": [0.11432299762964249, 0.02185099944472313, -0.0128389997407794, 0.05531378090381622, -0.9743592143058777, -0.21809275448322296, 0.0, 0.2184271663427353, -0.9758532643318176, 0.9984689950942993, 0.05397813394665718, 0.012082032859325409], "unit": 112, "unit_mul": 0, "ch_name": "MEG 042", "coord_frame": 1}, {"scanno": 44, "logno": 44, "kind": 1, "range": 1.0, "cal": 1.0, "coil_type": 6001, "loc": [0.08844900131225586, 0.08938000351190567, 0.012357000261545181, 0.6491971611976624, -0.7567067742347717, -0.07705802470445633, 0.0, 0.10130947083234787, -0.9948549866676331, 0.7606201767921448, 0.6458569765090942, 0.06576982140541077], "unit": 112, "unit_mul": 0, "ch_name": "MEG 043", "coord_frame": 1}, {"scanno": 45, "logno": 45, "kind": 1, "range": 1.0, "cal": 1.0, "coil_type": 6001, "loc": [0.10988099873065948, 0.04687599837779999, 0.010200000368058681, 0.2709939777851105, -0.9517699480056763, -0.14386199414730072, 0.0, 0.14945441484451294, -0.9887686371803284, 0.9625810384750366, 0.2679503262042999, 0.040501244366168976], "unit": 112, "unit_mul": 0, "ch_name": "MEG 044", "coord_frame": 1}, {"scanno": 46, "logno": 46, "kind": 1, "range": 1.0, "cal": 1.0, "coil_type": 6001, "loc": [0.08439599722623825, 0.08809799700975418, 0.03418000042438507, 0.6641861796379089, -0.7033997774124146, -0.2531510889530182, 0.0, 0.3386332392692566, -0.9409184455871582, 0.7475671768188477, 0.6249450445175171, 0.2249155193567276], "unit": 112, "unit_mul": 0, "ch_name": "MEG 045", "coord_frame": 1}, {"scanno": 47, "logno": 47, "kind": 1, "range": 1.0, "cal": 1.0, "coil_type": 6001, "loc": [0.09843499958515167, 0.06768400222063065, 0.03311200067400932, 0.4963417649269104, -0.7750719785690308, -0.391034871339798, 0.0, 0.45043498277664185, -0.8928092122077942, 0.8681272268295288, 0.4431385099887848, 0.22356967628002167], "unit": 112, "unit_mul": 0, "ch_name": "MEG 046", "coord_frame": 1}, {"scanno": 48, "logno": 48, "kind": 1, "range": 1.0, "cal": 1.0, "coil_type": 6001, "loc": [0.10727600008249283, 0.04553699865937233, 0.032552000135183334, 0.3386373519897461, -0.6859267354011536, -0.644072413444519, 0.0, 0.6845157146453857, -0.7289981245994568, 0.9409169554710388, 0.24686598777770996, 0.2318025827407837], "unit": 112, "unit_mul": 0, "ch_name": "MEG 047", "coord_frame": 1}, {"scanno": 49, "logno": 49, "kind": 1, "range": 1.0, "cal": 1.0, "coil_type": 6001, "loc": [0.1118059977889061, 0.020798999816179276, 0.032186999917030334, 0.2162134349346161, -0.23514939844608307, -0.9476056694984436, 0.0, 0.9705632328987122, -0.24084635078907013, 0.9763461351394653, 0.052074216306209564, 0.2098488062620163], "unit": 112, "unit_mul": 0, "ch_name": "MEG 048", "coord_frame": 1}, {"scanno": 50, "logno": 50, "kind": 1, "range": 1.0, "cal": 1.0, "coil_type": 6001, "loc": [0.10291499644517899, 0.03333599865436554, 0.05263099819421768, 0.4184441864490509, -0.27796536684036255, -0.8646616339683533, 0.0, 0.9520162343978882, -0.3060475289821625, 0.9082425236701965, 0.12806381285190582, 0.39836564660072327], "unit": 112, "unit_mul": 0, "ch_name": "MEG 049", "coord_frame": 1}, {"scanno": 51, "logno": 51, "kind": 1, "range": 1.0, "cal": 1.0, "coil_type": 6001, "loc": [0.11449454724788666, -0.0317489318549633, -0.062062330543994904, 0.15103062987327576, 0.9876832365989685, -0.040885601192712784, 0.0, 0.0413600392639637, 0.9991443157196045, 0.9885290861129761, -0.15090139210224152, 0.006246632430702448], "unit": 112, "unit_mul": 0, "ch_name": "MEG 050", "coord_frame": 1}, {"scanno": 52, "logno": 52, "kind": 1, "range": 1.0, "cal": 1.0, "coil_type": 6001, "loc": [0.1076880544424057, -0.05380578339099884, -0.06205938383936882, -0.3427712321281433, -0.9393452405929565, -0.01176376547664404, 0.0, 0.012522385455667973, -0.9999216198921204, 0.9394189119338989, -0.3427443504333496, -0.004292313475161791], "unit": 112, "unit_mul": 0, "ch_name": "MEG 051", "coord_frame": 1}, {"scanno": 53, "logno": 53, "kind": 1, "range": 1.0, "cal": 1.0, "coil_type": 6001, "loc": [0.09759079664945602, -0.07465926557779312, -0.06053721532225609, 0.548509955406189, 0.8345658779144287, -0.051348067820072174, 0.0, 0.06141055375337601, 0.9981126189231873, 0.8361440300941467, -0.5474746823310852, 0.033684298396110535], "unit": 112, "unit_mul": 0, "ch_name": "MEG 052", "coord_frame": 1}, {"scanno": 54, "logno": 54, "kind": 1, "range": 1.0, "cal": 1.0, "coil_type": 6001, "loc": [0.11511699855327606, -0.030900999903678894, -0.0367170013487339, 0.15226417779922485, 0.9852001667022705, -0.07871599495410919, 0.0, 0.07964466512203217, 0.9968233108520508, 0.9883398413658142, -0.15178048610687256, 0.012127029709517956], "unit": 112, "unit_mul": 0, "ch_name": "MEG 053", "coord_frame": 1}, {"scanno": 55, "logno": 55, "kind": 1, "range": 1.0, "cal": 1.0, "coil_type": 6001, "loc": [0.10831599682569504, -0.053679000586271286, -0.0360959991812706, 0.34676602482795715, 0.9368320107460022, -0.045816224068403244, 0.0, 0.04884710535407066, 0.9988062381744385, 0.9379516839981079, -0.34635207056999207, 0.01693851687014103], "unit": 112, "unit_mul": 0, "ch_name": "MEG 054", "coord_frame": 1}, {"scanno": 56, "logno": 56, "kind": 1, "range": 1.0, "cal": 1.0, "coil_type": 6001, "loc": [0.09747900068759918, -0.07419200241565704, -0.035875000059604645, 0.5339253544807434, 0.8453806638717651, -0.015977326780557632, 0.0, 0.01889619044959545, 0.9998214244842529, 0.8455315828323364, -0.5338300466537476, 0.010089155286550522], "unit": 112, "unit_mul": 0, "ch_name": "MEG 055", "coord_frame": 1}, {"scanno": 57, "logno": 57, "kind": 1, "range": 1.0, "cal": 1.0, "coil_type": 6001, "loc": [0.11513999849557877, -0.029839999973773956, -0.012144000269472599, 0.13091033697128296, 0.9889156222343445, -0.07006002217531204, 0.0, 0.07066817581653595, 0.9974998831748962, 0.9913942217826843, -0.1305830478668213, 0.009251195006072521], "unit": 112, "unit_mul": 0, "ch_name": "MEG 056", "coord_frame": 1}, {"scanno": 58, "logno": 58, "kind": 1, "range": 1.0, "cal": 1.0, "coil_type": 6001, "loc": [0.09799700230360031, -0.07356700301170349, -0.010545999743044376, 0.5258655548095703, 0.8504312634468079, -0.015233563259243965, 0.0, 0.017909877002239227, 0.9998396039009094, 0.8505676984786987, -0.5257812142372131, 0.009418187662959099], "unit": 112, "unit_mul": 0, "ch_name": "MEG 057", "coord_frame": 1}, {"scanno": 59, "logno": 59, "kind": 1, "range": 1.0, "cal": 1.0, "coil_type": 6001, "loc": [0.11581482738256454, -0.0033495996613055468, 0.01053907535970211, 0.0760568231344223, -0.5738499760627747, -0.8154211044311523, 0.0, 0.8177898526191711, -0.575516939163208, 0.9971035122871399, 0.04377199336886406, 0.06219849735498428], "unit": 112, "unit_mul": 0, "ch_name": "MEG 058", "coord_frame": 1}, {"scanno": 60, "logno": 60, "kind": 1, "range": 1.0, "cal": 1.0, "coil_type": 6001, "loc": [0.11519400030374527, -0.028425000607967377, 0.01208299957215786, 0.12466741353273392, 0.9098510146141052, -0.39576396346092224, 0.0, 0.39887574315071106, 0.9170050024986267, 0.9921985864639282, -0.11432064324617386, 0.049726810306310654], "unit": 112, "unit_mul": 0, "ch_name": "MEG 059", "coord_frame": 1}, {"scanno": 61, "logno": 61, "kind": 1, "range": 1.0, "cal": 1.0, "coil_type": 6001, "loc": [0.11216700077056885, -0.006641000043600798, 0.03259199857711792, 0.22145913541316986, -0.12873682379722595, -0.9666347503662109, 0.0, 0.9912477731704712, -0.13201479613780975, 0.9751696586608887, 0.029235882684588432, 0.21952086687088013], "unit": 112, "unit_mul": 0, "ch_name": "MEG 060", "coord_frame": 1}, {"scanno": 62, "logno": 62, "kind": 1, "range": 1.0, "cal": 1.0, "coil_type": 6001, "loc": [0.10988499969244003, -0.03144000098109245, 0.03351600095629692, 0.27446502447128296, 0.5957376956939697, -0.754828155040741, 0.0, 0.7849734425544739, 0.6195294260978699, 0.9615970849990845, -0.17003914713859558, 0.21544775366783142], "unit": 112, "unit_mul": 0, "ch_name": "MEG 061", "coord_frame": 1}, {"scanno": 63, "logno": 63, "kind": 1, "range": 1.0, "cal": 1.0, "coil_type": 6001, "loc": [0.10276400297880173, -0.05471000075340271, 0.03456699848175049, 0.4428224265575409, 0.7613735795021057, -0.4735172390937805, 0.0, 0.5281199216842651, 0.8491697907447815, 0.8966093063354492, -0.37603142857551575, 0.23386333882808685], "unit": 112, "unit_mul": 0, "ch_name": "MEG 062", "coord_frame": 1}, {"scanno": 64, "logno": 64, "kind": 1, "range": 1.0, "cal": 1.0, "coil_type": 6001, "loc": [0.0909700021147728, -0.07531200349330902, 0.035204000771045685, 0.5983970761299133, 0.7348794341087341, -0.31917569041252136, 0.0, 0.39837220311164856, 0.9172238707542419, 0.8011996746063232, -0.5488640666007996, 0.23838476836681366], "unit": 112, "unit_mul": 0, "ch_name": "MEG 063", "coord_frame": 1}, {"scanno": 65, "logno": 65, "kind": 1, "range": 1.0, "cal": 1.0, "coil_type": 6001, "loc": [0.10483899712562561, 0.007292000111192465, 0.05208899825811386, 0.4142957031726837, -0.12478534132242203, -0.901547372341156, 0.0, 0.9905564785003662, -0.1371053010225296, 0.9101423621177673, 0.056802134960889816, 0.41038328409194946], "unit": 112, "unit_mul": 0, "ch_name": "MEG 064", "coord_frame": 1}, {"scanno": 66, "logno": 66, "kind": 1, "range": 1.0, "cal": 1.0, "coil_type": 6001, "loc": [0.09922599792480469, -0.04323599860072136, 0.05451299995183945, 0.5144363045692444, 0.46266046166419983, -0.7220115065574646, 0.0, 0.8419678211212158, 0.5395277142524719, 0.857528567314148, -0.27755266427993774, 0.43313881754875183], "unit": 112, "unit_mul": 0, "ch_name": "MEG 065", "coord_frame": 1}, {"scanno": 67, "logno": 67, "kind": 1, "range": 1.0, "cal": 1.0, "coil_type": 6001, "loc": [-0.07058999687433243, 0.09981399774551392, 0.03520800173282623, 0.17103692889213562, -0.19836343824863434, 0.9650897979736328, 0.7573458552360535, 0.6530140042304993, 0.0, -0.6302171349525452, 0.7309067249298096, 0.261919230222702], "unit": 112, "unit_mul": 0, "ch_name": "MEG 066", "coord_frame": 1}, {"scanno": 68, "logno": 68, "kind": 1, "range": 1.0, "cal": 1.0, "coil_type": 6001, "loc": [-0.050119999796152115, 0.11353199928998947, 0.035868000239133835, 0.1207684576511383, -0.22443214058876038, 0.9669773578643799, 0.8806014657020569, 0.4738576114177704, 0.0, -0.4582095742225647, 0.8515216708183289, 0.25486233830451965], "unit": 112, "unit_mul": 0, "ch_name": "MEG 067", "coord_frame": 1}, {"scanno": 69, "logno": 69, "kind": 1, "range": 1.0, "cal": 1.0, "coil_type": 6001, "loc": [-0.02711700089275837, 0.1228640004992485, 0.03689499944448471, 0.9693753719329834, 0.23617075383663177, 0.06734074652194977, 0.0, 0.2742067873477936, -0.9616707563400269, -0.24558380246162415, 0.932219922542572, 0.2658092975616455], "unit": 112, "unit_mul": 0, "ch_name": "MEG 068", "coord_frame": 1}, {"scanno": 70, "logno": 70, "kind": 1, "range": 1.0, "cal": 1.0, "coil_type": 6001, "loc": [-0.0027540000155568123, 0.12657399475574493, 0.03695499897003174, 0.9993439316749573, 0.034915655851364136, 0.009622122161090374, 0.0, 0.2656779885292053, -0.9640617966651917, -0.036217235028743744, 0.96342933177948, 0.2655037045478821], "unit": 112, "unit_mul": 0, "ch_name": "MEG 069", "coord_frame": 1}, {"scanno": 71, "logno": 71, "kind": 1, "range": 1.0, "cal": 1.0, "coil_type": 6001, "loc": [-0.049261000007390976, 0.10433399677276611, 0.05722999945282936, 0.8971119523048401, 0.38718724250793457, 0.2127820998430252, 0.0, 0.48162177205085754, -0.8763791918754578, -0.44180333614349365, 0.7862102389335632, 0.4320686459541321], "unit": 112, "unit_mul": 0, "ch_name": "MEG 070", "coord_frame": 1}, {"scanno": 72, "logno": 72, "kind": 1, "range": 1.0, "cal": 1.0, "coil_type": 6001, "loc": [-0.08652500063180923, 0.03620599955320358, 0.07314399629831314, -0.1267704963684082, -0.9874011278152466, 0.09470091015100479, 0.5984742641448975, 0.0, 0.8011420369148254, -0.791048526763916, 0.15823723375797272, 0.590934157371521], "unit": 112, "unit_mul": 0, "ch_name": "MEG 071", "coord_frame": 1}, {"scanno": 73, "logno": 73, "kind": 1, "range": 1.0, "cal": 1.0, "coil_type": 6001, "loc": [-0.07789900153875351, 0.05757400020956993, 0.07455100119113922, -0.2782142162322998, -0.9293857216835022, 0.24256761372089386, 0.6571688652038574, 0.0, 0.7537433505058289, -0.7005183100700378, 0.36910998821258545, 0.6107633709907532], "unit": 112, "unit_mul": 0, "ch_name": "MEG 072", "coord_frame": 1}, {"scanno": 74, "logno": 74, "kind": 1, "range": 1.0, "cal": 1.0, "coil_type": 6001, "loc": [-0.06412400305271149, 0.07652299851179123, 0.07552400231361389, 0.8128255605697632, 0.3870082199573517, 0.4353610575199127, 0.0, 0.7473917603492737, -0.664383590221405, -0.5825071930885315, 0.5400279760360718, 0.6074991226196289], "unit": 112, "unit_mul": 0, "ch_name": "MEG 073", "coord_frame": 1}, {"scanno": 75, "logno": 75, "kind": 1, "range": 1.0, "cal": 1.0, "coil_type": 6001, "loc": [-0.024762000888586044, 0.1012289971113205, 0.07623499631881714, 0.9688386917114258, 0.18884843587875366, 0.1602741926908493, 0.0, 0.6470693349838257, -0.7624311447143555, -0.24769245088100433, 0.7386728525161743, 0.6269057989120483], "unit": 112, "unit_mul": 0, "ch_name": "MEG 074", "coord_frame": 1}, {"scanno": 76, "logno": 76, "kind": 1, "range": 1.0, "cal": 1.0, "coil_type": 6001, "loc": [-0.07261999696493149, 0.02748499996960163, 0.08881700038909912, -0.06165687367320061, -0.995663583278656, 0.06965988129377365, 0.7488115429878235, 0.0, 0.6627829670906067, -0.6599088311195374, 0.09302724897861481, 0.7455644011497498], "unit": 112, "unit_mul": 0, "ch_name": "MEG 075", "coord_frame": 1}, {"scanno": 77, "logno": 77, "kind": 1, "range": 1.0, "cal": 1.0, "coil_type": 6001, "loc": [-0.04760200157761574, 0.07061400264501572, 0.09229200333356857, 0.8983084559440613, 0.23636095225811005, 0.37037193775177, 0.0, 0.8429703712463379, -0.5379599928855896, -0.43936529755592346, 0.48325401544570923, 0.7572474479675293], "unit": 112, "unit_mul": 0, "ch_name": "MEG 076", "coord_frame": 1}, {"scanno": 78, "logno": 78, "kind": 1, "range": 1.0, "cal": 1.0, "coil_type": 6001, "loc": [-0.02576499991118908, 0.08397199958562851, 0.09283699840307236, 0.9744848012924194, 0.14000937342643738, 0.17543311417102814, 0.0, 0.7816009521484375, -0.6237788200378418, -0.22445355355739594, 0.6078629493713379, 0.7616581916809082], "unit": 112, "unit_mul": 0, "ch_name": "MEG 077", "coord_frame": 1}, {"scanno": 79, "logno": 79, "kind": 1, "range": 1.0, "cal": 1.0, "coil_type": 6001, "loc": [-0.04886600002646446, 0.04174099862575531, 0.10409200191497803, -0.10092654079198837, -0.9765368103981018, 0.19023577868938446, 0.8833776712417603, 0.0, 0.4686618149280548, -0.4576655328273773, 0.2153504639863968, 0.8626508116722107], "unit": 112, "unit_mul": 0, "ch_name": "MEG 078", "coord_frame": 1}, {"scanno": 80, "logno": 80, "kind": 1, "range": 1.0, "cal": 1.0, "coil_type": 6001, "loc": [-0.032843999564647675, 0.058997999876737595, 0.10543099790811539, 0.9560563564300537, 0.11818471550941467, 0.2683069407939911, 0.0, 0.9151519536972046, -0.4031091034412384, -0.29318293929100037, 0.38539502024650574, 0.8749368190765381], "unit": 112, "unit_mul": 0, "ch_name": "MEG 079", "coord_frame": 1}, {"scanno": 81, "logno": 81, "kind": 1, "range": 1.0, "cal": 1.0, "coil_type": 6001, "loc": [-0.011721938848495483, 0.04669087007641792, 0.11437966674566269, 0.9941681027412415, 0.027986524626612663, 0.10414645075798035, 0.0, 0.9657387733459473, -0.25951603055000305, -0.10784121602773666, 0.2580025792121887, 0.9601067304611206], "unit": 112, "unit_mul": 0, "ch_name": "MEG 080", "coord_frame": 1}, {"scanno": 82, "logno": 82, "kind": 1, "range": 1.0, "cal": 1.0, "coil_type": 6001, "loc": [-0.01620200090110302, -0.09802299737930298, 0.07762599736452103, 0.19285449385643005, -0.6461185812950134, -0.7384699583053589, 0.9675499796867371, 0.0, 0.2526796758174896, -0.1632610410451889, -0.7632369995117188, 0.625152051448822], "unit": 112, "unit_mul": 0, "ch_name": "MEG 081", "coord_frame": 1}, {"scanno": 83, "logno": 83, "kind": 1, "range": 1.0, "cal": 1.0, "coil_type": 6001, "loc": [-0.03836600109934807, -0.09040600061416626, 0.07653699815273285, 0.3543927073478699, -0.7240246534347534, -0.5917720198631287, 0.8579214811325073, 0.0, 0.5137808322906494, -0.37198999524116516, -0.6897740960121155, 0.6211563348770142], "unit": 112, "unit_mul": 0, "ch_name": "MEG 082", "coord_frame": 1}, {"scanno": 84, "logno": 84, "kind": 1, "range": 1.0, "cal": 1.0, "coil_type": 6001, "loc": [-0.07310999929904938, -0.0600150004029274, 0.07422199845314026, 0.31220299005508423, -0.9071566462516785, -0.28212785720825195, 0.6704668998718262, 0.0, 0.7419394254684448, -0.6730552911758423, -0.4207930862903595, 0.6082184910774231], "unit": 112, "unit_mul": 0, "ch_name": "MEG 083", "coord_frame": 1}, {"scanno": 85, "logno": 85, "kind": 1, "range": 1.0, "cal": 1.0, "coil_type": 6001, "loc": [-0.08380799740552902, -0.03866700083017349, 0.07336399704217911, 0.1707804650068283, -0.9761254787445068, -0.1342129111289978, 0.6179020404815674, 0.0, 0.7862551212310791, -0.767483651638031, -0.21720744669437408, 0.6031498908996582], "unit": 112, "unit_mul": 0, "ch_name": "MEG 084", "coord_frame": 1}, {"scanno": 86, "logno": 86, "kind": 1, "range": 1.0, "cal": 1.0, "coil_type": 6001, "loc": [-0.08901999890804291, -0.014601999893784523, 0.07245100289583206, 0.03475208953022957, -0.9990974068641663, -0.02442708984017372, 0.5750511288642883, 0.0, 0.8181174993515015, -0.8173790574073792, -0.04247811809182167, 0.5745320916175842], "unit": 112, "unit_mul": 0, "ch_name": "MEG 085", "coord_frame": 1}, {"scanno": 87, "logno": 87, "kind": 1, "range": 1.0, "cal": 1.0, "coil_type": 6001, "loc": [-0.018709000200033188, -0.08104199916124344, 0.09318400174379349, 0.14958932995796204, -0.7868813872337341, -0.598699152469635, 0.9701750874519348, 0.0, 0.24240528047084808, -0.19074420630931854, -0.6171042323112488, 0.7634127140045166], "unit": 112, "unit_mul": 0, "ch_name": "MEG 086", "coord_frame": 1}, {"scanno": 88, "logno": 88, "kind": 1, "range": 1.0, "cal": 1.0, "coil_type": 6001, "loc": [-0.041818998754024506, -0.06975500285625458, 0.09264799952507019, 0.24681827425956726, -0.8551815748214722, -0.45579075813293457, 0.8793472051620483, 0.0, 0.47618114948272705, -0.40722134709358215, -0.5183285474777222, 0.7520015239715576], "unit": 112, "unit_mul": 0, "ch_name": "MEG 087", "coord_frame": 1}, {"scanno": 89, "logno": 89, "kind": 1, "range": 1.0, "cal": 1.0, "coil_type": 6001, "loc": [-0.07128000259399414, -0.02933100052177906, 0.0895489975810051, 0.09570497274398804, -0.9898358583450317, -0.10519309341907501, 0.739677906036377, 0.0, 0.6729610562324524, -0.6661209464073181, -0.14221473038196564, 0.7321597337722778], "unit": 112, "unit_mul": 0, "ch_name": "MEG 088", "coord_frame": 1}, {"scanno": 90, "logno": 90, "kind": 1, "range": 1.0, "cal": 1.0, "coil_type": 6001, "loc": [-0.07572899758815765, -0.0010789999505504966, 0.08768899738788605, 0.010463356971740723, -0.9998849034309387, -0.010988805443048477, 0.7242094278335571, 0.0, 0.6895800828933716, -0.6895007491111755, -0.01517351996153593, 0.7241260409355164], "unit": 112, "unit_mul": 0, "ch_name": "MEG 089", "coord_frame": 1}, {"scanno": 91, "logno": 91, "kind": 1, "range": 1.0, "cal": 1.0, "coil_type": 6001, "loc": [-0.03779900074005127, -0.0496239997446537, 0.1054380014538765, 0.12636396288871765, -0.944911777973175, -0.3019501864910126, 0.9224777221679688, 0.0, 0.3860502541065216, -0.3647834360599518, -0.32732516527175903, 0.871660053730011], "unit": 112, "unit_mul": 0, "ch_name": "MEG 090", "coord_frame": 1}, {"scanno": 92, "logno": 92, "kind": 1, "range": 1.0, "cal": 1.0, "coil_type": 6001, "loc": [-0.05201299861073494, -0.03141099959611893, 0.10339099913835526, 0.08503460884094238, -0.9845452904701233, -0.1531001329421997, 0.8742082118988037, 0.0, 0.48555120825767517, -0.4780471622943878, -0.17513005435466766, 0.8606976270675659], "unit": 112, "unit_mul": 0, "ch_name": "MEG 091", "coord_frame": 1}, {"scanno": 93, "logno": 93, "kind": 1, "range": 1.0, "cal": 1.0, "coil_type": 6001, "loc": [-0.05877799913287163, -0.0074350000359117985, 0.10220000147819519, 0.005559629760682583, -0.9999514222145081, -0.008136000484228134, 0.8256432414054871, 0.0, 0.564192533493042, -0.5641651749610901, -0.009854135103523731, 0.825603187084198], "unit": 112, "unit_mul": 0, "ch_name": "MEG 092", "coord_frame": 1}, {"scanno": 94, "logno": 94, "kind": 1, "range": 1.0, "cal": 1.0, "coil_type": 6001, "loc": [-0.01967800036072731, -0.03798700124025345, 0.11388999968767166, 0.04028689116239548, -0.9756578207015991, -0.21556606888771057, 0.9829808473587036, 0.0, 0.18370814621448517, -0.1792362928390503, -0.2192983478307724, 0.9590529799461365], "unit": 112, "unit_mul": 0, "ch_name": "MEG 093", "coord_frame": 1}, {"scanno": 95, "logno": 95, "kind": 1, "range": 1.0, "cal": 1.0, "coil_type": 6001, "loc": [-0.035436000674963, -0.019849000498652458, 0.11266099661588669, 0.019241631031036377, -0.9984188675880432, -0.05281553417444229, 0.9395876526832581, 0.0, 0.3423084020614624, -0.34176716208457947, -0.05621139332652092, 0.9381020665168762], "unit": 112, "unit_mul": 0, "ch_name": "MEG 094", "coord_frame": 1}, {"scanno": 96, "logno": 96, "kind": 1, "range": 1.0, "cal": 1.0, "coil_type": 6001, "loc": [-0.040329400449991226, 0.00733195012435317, 0.1109350249171257, 0.011075574904680252, -0.9995730519294739, -0.02703852206468582, 0.9253746271133423, 0.0, 0.37905386090278625, -0.3788920044898987, -0.029219001531600952, 0.9249795079231262], "unit": 112, "unit_mul": 0, "ch_name": "MEG 095", "coord_frame": 1}, {"scanno": 97, "logno": 97, "kind": 1, "range": 1.0, "cal": 1.0, "coil_type": 6001, "loc": [-0.016637174412608147, -0.011088669300079346, 0.11831024289131165, -0.0009963263291865587, -0.999973714351654, 0.007184634916484356, 0.9905211925506592, 0.0, 0.1373601257801056, -0.13735650479793549, 0.007253388408571482, 0.9904951453208923], "unit": 112, "unit_mul": 0, "ch_name": "MEG 096", "coord_frame": 1}, {"scanno": 98, "logno": 98, "kind": 1, "range": 1.0, "cal": 1.0, "coil_type": 6001, "loc": [-0.0179007425904274, 0.014023599214851856, 0.11809518933296204, 0.0014879691880196333, -0.9999420046806335, -0.010668725706636906, 0.9904136657714844, 0.0, 0.1381331831216812, -0.13812516629695892, -0.010771989822387695, 0.9903562068939209], "unit": 112, "unit_mul": 0, "ch_name": "MEG 097", "coord_frame": 1}, {"scanno": 99, "logno": 99, "kind": 1, "range": 1.0, "cal": 1.0, "coil_type": 6001, "loc": [-0.1127529963850975, 0.032148998230695724, -0.05886299908161163, 0.04227687418460846, -0.005876614712178707, 0.9990886449813843, 0.1376793086528778, 0.9904768466949463, 0.0, -0.9895741939544678, 0.13755382597446442, 0.04268335551023483], "unit": 112, "unit_mul": 0, "ch_name": "MEG 098", "coord_frame": 1}, {"scanno": 100, "logno": 100, "kind": 1, "range": 1.0, "cal": 1.0, "coil_type": 6001, "loc": [-0.10743500292301178, 0.054464999586343765, -0.06000800058245659, 0.029302403330802917, -0.009563149884343147, 0.9995248317718506, 0.3102557361125946, 0.9506531357765198, 0.0, -0.9502014517784119, 0.3101083040237427, 0.030823443084955215], "unit": 112, "unit_mul": 0, "ch_name": "MEG 099", "coord_frame": 1}, {"scanno": 101, "logno": 101, "kind": 1, "range": 1.0, "cal": 1.0, "coil_type": 6001, "loc": [-0.09737099707126617, 0.07645200192928314, -0.05908399820327759, 0.029472818598151207, -0.01782631129026413, 0.999406635761261, 0.5175370573997498, 0.8556607961654663, 0.0, -0.8