[{"scanno": 1, "logno": 1, "kind": 1, "range": 1.0, "cal": 1.0, "coil_type": 6001, "loc": [0.03144599869847298, 0.12347699701786041, 0.037700001150369644, 0.967105507850647, -0.2467634528875351, -0.06176311522722244, 0.0, 0.2428029477596283, -0.9700756072998047, 0.25437548756599426, 0.9381654858589172, 0.2348160743713379], "unit": 112, "unit_mul": 0, "ch_name": "MEG 000", "coord_frame": 1}, {"scanno": 2, "logno": 2, "kind": 1, "range": 1.0, "cal": 1.0, "coil_type": 6001, "loc": [0.05601400136947632, 0.11339300125837326, 0.03745900094509125, 0.8833730220794678, -0.4492390751838684, -0.13355295360088348, 0.0, 0.2849612236022949, -0.9585390686988831, 0.4686706066131592, 0.8467475175857544, 0.25172704458236694], "unit": 112, "unit_mul": 0, "ch_name": "MEG 001", "coord_frame": 1}, {"scanno": 3, "logno": 3, "kind": 1, "range": 1.0, "cal": 1.0, "coil_type": 6001, "loc": [0.0763079971075058, 0.0990229994058609, 0.035957999527454376, 0.7373796105384827, -0.6437940001487732, -0.20445191860198975, 0.0, 0.3026771545410156, -0.9530931711196899, 0.6754785776138306, 0.7027914524078369, 0.22318795323371887], "unit": 112, "unit_mul": 0, "ch_name": "MEG 002", "coord_frame": 1}, {"scanno": 4, "logno": 4, "kind": 1, "range": 1.0, "cal": 1.0, "coil_type": 6001, "loc": [0.008927999995648861, 0.11929400265216827, 0.059188999235630035, 0.9985678195953369, -0.04783511161804199, -0.02396172285079956, 0.0, 0.44787389039993286, -0.8940967321395874, 0.05350104719400406, 0.8928161859512329, 0.4472324550151825], "unit": 112, "unit_mul": 0, "ch_name": "MEG 003", "coord_frame": 1}, {"scanno": 5, "logno": 5, "kind": 1, "range": 1.0, "cal": 1.0, "coil_type": 6001, "loc": [0.05339900031685829, 0.10625799745321274, 0.057468999177217484, 0.8796917200088501, -0.41751450300216675, -0.22764916718006134, 0.0, 0.47871270775794983, -0.8779715895652771, 0.47554442286491394, 0.7723443508148193, 0.4211196005344391], "unit": 112, "unit_mul": 0, "ch_name": "MEG 004", "coord_frame": 1}, {"scanno": 6, "logno": 6, "kind": 1, "range": 1.0, "cal": 1.0, "coil_type": 6001, "loc": [0.0338280014693737, 0.10197199881076813, 0.0784590020775795, 0.9603738784790039, -0.21367859840393066, -0.17895111441612244, 0.0, 0.6420577764511108, -0.7666562795639038, 0.27871498465538025, 0.7362766265869141, 0.6166154742240906], "unit": 112, "unit_mul": 0, "ch_name": "MEG 005", "coord_frame": 1}, {"scanno": 7, "logno": 7, "kind": 1, "range": 1.0, "cal": 1.0, "coil_type": 6001, "loc": [0.07207000255584717, 0.07324100285768509, 0.07686399668455124, 0.7797518968582153, -0.38906198740005493, -0.49052804708480835, 0.0, 0.783480167388916, -0.6214167475700378, 0.6260886192321777, 0.4845508933067322, 0.6109201312065125], "unit": 112, "unit_mul": 0, "ch_name": "MEG 006", "coord_frame": 1}, {"scanno": 8, "logno": 8, "kind": 1, "range": 1.0, "cal": 1.0, "coil_type": 6001, "loc": [0.08405599743127823, 0.05495600029826164, 0.07518299669027328, 0.667881190776825, -0.35464420914649963, -0.6543410420417786, 0.0, 0.8791740536689758, -0.4765007495880127, 0.7442678809165955, 0.31824588775634766, 0.5871838331222534], "unit": 112, "unit_mul": 0, "ch_name": "MEG 007", "coord_frame": 1}, {"scanno": 9, "logno": 9, "kind": 1, "range": 1.0, "cal": 1.0, "coil_type": 6001, "loc": [0.0934239998459816, 0.03345099836587906, 0.07495900243520737, 0.585946261882782, -0.17844589054584503, -0.7904581427574158, 0.0, 0.9754528403282166, -0.22020845115184784, 0.8103498816490173, 0.12903031706809998, 0.5715629458427429], "unit": 112, "unit_mul": 0, "ch_name": "MEG 008", "coord_frame": 1}, {"scanno": 10, "logno": 10, "kind": 1, "range": 1.0, "cal": 1.0, "coil_type": 6001, "loc": [0.01953900046646595, 0.07069800049066544, 0.10502000153064728, 0.9844486713409424, -0.081108957529068, -0.1558273732662201, 0.0, 0.8870332837104797, -0.46170544624328613, 0.1756725162267685, 0.45452529191970825, 0.873238742351532], "unit": 112, "unit_mul": 0, "ch_name": "MEG 009", "coord_frame": 1}, {"scanno": 11, "logno": 11, "kind": 1, "range": 1.0, "cal": 1.0, "coil_type": 6001, "loc": [0.032055001705884933, 0.08459100127220154, 0.09368699789047241, 0.964320182800293, -0.16034752130508423, -0.21065446734428406, 0.0, 0.7957068085670471, -0.6056820154190063, 0.2647387981414795, 0.5840713381767273, 0.7673161029815674], "unit": 112, "unit_mul": 0, "ch_name": "MEG 010", "coord_frame": 1}, {"scanno": 12, "logno": 12, "kind": 1, "range": 1.0, "cal": 1.0, "coil_type": 6001, "loc": [0.055507998913526535, 0.07055900245904922, 0.0948449969291687, 0.8817266225814819, -0.2520357370376587, -0.39879339933395386, 0.0, 0.845329761505127, -0.5342448353767395, 0.47176074981689453, 0.4710578918457031, 0.7453497648239136], "unit": 112, "unit_mul": 0, "ch_name": "MEG 011", "coord_frame": 1}, {"scanno": 13, "logno": 13, "kind": 1, "range": 1.0, "cal": 1.0, "coil_type": 6001, "loc": [0.0777600035071373, 0.025061000138521194, 0.0878710001707077, 0.703407883644104, -0.041255880147218704, -0.7095881104469299, 0.0, 0.9983140826225281, -0.058042582124471664, 0.7107864618301392, 0.04082760959863663, 0.7022219896316528], "unit": 112, "unit_mul": 0, "ch_name": "MEG 012", "coord_frame": 1}, {"scanno": 14, "logno": 14, "kind": 1, "range": 1.0, "cal": 1.0, "coil_type": 6001, "loc": [0.03861900046467781, 0.05939500033855438, 0.10586699843406677, 0.9438670873641968, -0.13513855636119843, -0.30141738057136536, 0.0, 0.9124862551689148, -0.40910738706588745, 0.3303253948688507, 0.3861429989337921, 0.8612657785415649], "unit": 112, "unit_mul": 0, "ch_name": "MEG 013", "coord_frame": 1}, {"scanno": 15, "logno": 15, "kind": 1, "range": 1.0, "cal": 1.0, "coil_type": 6001, "loc": [0.05502000078558922, 0.04250900074839592, 0.10382500290870667, 0.8615479469299316, -0.1320057064294815, -0.49021387100219727, 0.0, 0.9656033515930176, -0.260019451379776, 0.5076762437820435, 0.22401922941207886, 0.8319135904312134], "unit": 112, "unit_mul": 0, "ch_name": "MEG 014", "coord_frame": 1}, {"scanno": 16, "logno": 16, "kind": 1, "range": 1.0, "cal": 1.0, "coil_type": 6001, "loc": [0.017962999641895294, 0.0469059981405735, 0.11460299789905548, 0.9850416779518127, -0.04352064058184624, -0.16672980785369873, 0.0, 0.9675805568695068, -0.25256267189979553, 0.17231620848178864, 0.24878476560115814, 0.9531071782112122], "unit": 112, "unit_mul": 0, "ch_name": "MEG 015", "coord_frame": 1}, {"scanno": 17, "logno": 17, "kind": 1, "range": 1.0, "cal": 1.0, "coil_type": 6001, "loc": [0.09292999655008316, -0.015193000435829163, 0.07499899715185165, 0.5882558226585388, 0.059856340289115906, -0.8064566254615784, 0.0, 0.9972569346427917, 0.07401780784130096, 0.8086749315261841, -0.043541401624679565, 0.5866421461105347], "unit": 112, "unit_mul": 0, "ch_name": "MEG 016", "coord_frame": 1}, {"scanno": 18, "logno": 18, "kind": 1, "range": 1.0, "cal": 1.0, "coil_type": 6001, "loc": [0.08579500019550323, -0.037571001797914505, 0.07412400096654892, 0.6364211440086365, 0.28579214215278625, -0.7164432406425476, 0.0, 0.9288272857666016, 0.370512992143631, 0.7713417410850525, -0.2358023226261139, 0.5911253690719604], "unit": 112, "unit_mul": 0, "ch_name": "MEG 017", "coord_frame": 1}, {"scanno": 19, "logno": 19, "kind": 1, "range": 1.0, "cal": 1.0, "coil_type": 6001, "loc": [0.07557699829339981, -0.0576540008187294, 0.0755160003900528, 0.7312202453613281, 0.4100027084350586, -0.5451740026473999, 0.0, 0.7992096543312073, 0.6010524034500122, 0.6821414232254028, -0.43950167298316956, 0.5843982696533203], "unit": 112, "unit_mul": 0, "ch_name": "MEG 018", "coord_frame": 1}, {"scanno": 20, "logno": 20, "kind": 1, "range": 1.0, "cal": 1.0, "coil_type": 6001, "loc": [0.03916500136256218, -0.08760999888181686, 0.08006300032138824, -0.3371260464191437, -0.7191110253334045, -0.6076391935348511, 0.8744328618049622, 0.0, -0.48514658212661743, 0.3488742411136627, -0.6948952078819275, 0.6288142800331116], "unit": 112, "unit_mul": 0, "ch_name": "MEG 019", "coord_frame": 1}, {"scanno": 21, "logno": 21, "kind": 1, "range": 1.0, "cal": 1.0, "coil_type": 6001, "loc": [0.0795930027961731, -0.001702000037766993, 0.08648599684238434, 0.6983083486557007, 0.05647309869527817, -0.7135658860206604, 0.0, 0.9968829154968262, 0.07889540493488312, 0.7157970666885376, -0.05509331822395325, 0.6961316466331482], "unit": 112, "unit_mul": 0, "ch_name": "MEG 020", "coord_frame": 1}, {"scanno": 22, "logno": 22, "kind": 1, "range": 1.0, "cal": 1.0, "coil_type": 6001, "loc": [0.04503700137138367, -0.06918299943208694, 0.09612400084733963, -0.23380504548549652, -0.8584399223327637, -0.45652613043785095, 0.890063464641571, 0.0, -0.45583662390708923, 0.39130833745002747, -0.5129141211509705, 0.7640659809112549], "unit": 112, "unit_mul": 0, "ch_name": "MEG 021", "coord_frame": 1}, {"scanno": 23, "logno": 23, "kind": 1, "range": 1.0, "cal": 1.0, "coil_type": 6001, "loc": [0.021888000890612602, -0.07986900210380554, 0.09735099971294403, -0.14971989393234253, -0.7838646173477173, -0.6026111841201782, 0.9704949855804443, 0.0, -0.2411213368177414, 0.1890064775943756, -0.6209318041801453, 0.7607366442680359], "unit": 112, "unit_mul": 0, "ch_name": "MEG 022", "coord_frame": 1}, {"scanno": 24, "logno": 24, "kind": 1, "range": 1.0, "cal": 1.0, "coil_type": 6001, "loc": [-0.001673000049777329, -0.08063100278377533, 0.09408000111579895, 0.02748808264732361, -0.7519435882568359, -0.6586540937423706, 0.9991303086280823, 0.0, 0.0416974201798439, -0.03135410696268082, -0.6592274308204651, 0.7512896656990051], "unit": 112, "unit_mul": 0, "ch_name": "MEG 023", "coord_frame": 1}, {"scanno": 25, "logno": 25, "kind": 1, "range": 1.0, "cal": 1.0, "coil_type": 6001, "loc": [0.06566499918699265, -0.006366000045090914, 0.102292001247406, 0.8040196895599365, 0.04483872652053833, -0.5929096937179565, 0.0, 0.9971526265144348, 0.07540955394506454, 0.5946027040481567, -0.060630764812231064, 0.8017303347587585], "unit": 112, "unit_mul": 0, "ch_name": "MEG 024", "coord_frame": 1}, {"scanno": 26, "logno": 26, "kind": 1, "range": 1.0, "cal": 1.0, "coil_type": 6001, "loc": [0.05931499972939491, -0.030068999156355858, 0.10412999987602234, 0.8405418992042542, 0.11119654029607773, -0.5302119255065918, 0.0, 0.9787083864212036, 0.2052556425333023, 0.5417465567588806, -0.17252597212791443, 0.8226454257965088], "unit": 112, "unit_mul": 0, "ch_name": "MEG 025", "coord_frame": 1}, {"scanno": 27, "logno": 27, "kind": 1, "range": 1.0, "cal": 1.0, "coil_type": 6001, "loc": [0.04063300043344498, -0.047791000455617905, 0.10563000291585922, 0.921234667301178, 0.1438760757446289, -0.36142271757125854, 0.0, 0.9290897250175476, 0.3698543906211853, 0.3890073299407959, -0.3407226800918579, 0.8559096455574036], "unit": 112, "unit_mul": 0, "ch_name": "MEG 026", "coord_frame": 1}, {"scanno": 28, "logno": 28, "kind": 1, "range": 1.0, "cal": 1.0, "coil_type": 6001, "loc": [0.04453900083899498, 0.008480999618768692, 0.11137700080871582, 0.9293847680091858, -0.0010298534762114286, -0.36911100149154663, 0.0, 0.9999961256980896, -0.002790080849081278, 0.36911243200302124, 0.002593058394268155, 0.9293811321258545], "unit": 112, "unit_mul": 0, "ch_name": "MEG 027", "coord_frame": 1}, {"scanno": 29, "logno": 29, "kind": 1, "range": 1.0, "cal": 1.0, "coil_type": 6001, "loc": [0.022690000012516975, -0.03652900084853172, 0.11785399913787842, 0.9796816110610962, 0.0505087748169899, -0.1940949261188507, 0.0, 0.9677689671516418, 0.2518397867679596, 0.20055915415287018, -0.24672280251979828, 0.9481053948402405], "unit": 112, "unit_mul": 0, "ch_name": "MEG 028", "coord_frame": 1}, {"scanno": 30, "logno": 30, "kind": 1, "range": 1.0, "cal": 1.0, "coil_type": 6001, "loc": [-0.00010599999950500205, -0.04177200049161911, 0.11800400167703629, 0.004730395507067442, -0.9644588232040405, -0.26419076323509216, 0.999839723110199, 0.0, 0.017902357503771782, -0.017266087234020233, -0.2642330825328827, 0.9643042683601379], "unit": 112, "unit_mul": 0, "ch_name": "MEG 029", "coord_frame": 1}, {"scanno": 31, "logno": 31, "kind": 1, "range": 1.0, "cal": 1.0, "coil_type": 6001, "loc": [0.021973000839352608, 0.017992999404668808, 0.11695200204849243, 0.9843369126319885, -0.003348112106323242, -0.17626579105854034, 0.0, 0.9998196363449097, -0.01899125427007675, 0.17629759013652802, 0.018693791702389717, 0.9841594099998474], "unit": 112, "unit_mul": 0, "ch_name": "MEG 030", "coord_frame": 1}, {"scanno": 32, "logno": 32, "kind": 1, "range": 1.0, "cal": 1.0, "coil_type": 6001, "loc": [0.02063800022006035, -0.006808000151067972, 0.11991800367832184, 0.9814302325248718, -0.004583149217069149, -0.19176477193832397, 0.0, 0.9997144937515259, -0.023893024772405624, 0.19181953370571136, 0.023449337109923363, 0.9811500310897827], "unit": 112, "unit_mul": 0, "ch_name": "MEG 031", "coord_frame": 1}, {"scanno": 33, "logno": 33, "kind": 1, "range": 1.0, "cal": 1.0, "coil_type": 6001, "loc": [0.10958600044250488, 0.055939000099897385, -0.030755000188946724, 0.34898582100868225, -0.9288805723190308, -0.12405567616224289, 0.0, 0.13237857818603516, -0.991199254989624, 0.9371280074119568, 0.34591448307037354, 0.046198245137929916], "unit": 112, "unit_mul": 0, "ch_name": "MEG 032", "coord_frame": 1}, {"scanno": 34, "logno": 34, "kind": 1, "range": 1.0, "cal": 1.0, "coil_type": 6001, "loc": [0.11045899987220764, 0.05412900075316429, -0.058511000126600266, 0.34633511304855347, -0.9333305954933167, -0.09458329528570175, 0.0, 0.10082314908504486, -0.9949043393135071, 0.938110888004303, 0.3445703089237213, 0.03491859510540962], "unit": 112, "unit_mul": 0, "ch_name": "MEG 033", "coord_frame": 1}, {"scanno": 35, "logno": 35, "kind": 1, "range": 1.0, "cal": 1.0, "coil_type": 6001, "loc": [0.11541599780321121, 0.03125699982047081, -0.05624299868941307, 0.12277142703533173, -0.9807462096214294, -0.1518685221672058, 0.0, 0.15302617847919464, -0.9882221221923828, 0.9924349784851074, 0.12132544070482254, 0.018787242472171783], "unit": 112, "unit_mul": 0, "ch_name": "MEG 034", "coord_frame": 1}, {"scanno": 36, "logno": 36, "kind": 1, "range": 1.0, "cal": 1.0, "coil_type": 6001, "loc": [0.11560499668121338, 0.00494399992749095, -0.05754400044679642, 0.0718701109290123, 0.8463676571846008, -0.5277276635169983, 0.0, 0.5290958881378174, 0.8485620617866516, 0.9974139928817749, -0.060986246913671494, 0.03802618011832237], "unit": 112, "unit_mul": 0, "ch_name": "MEG 035", "coord_frame": 1}, {"scanno": 37, "logno": 37, "kind": 1, "range": 1.0, "cal": 1.0, "coil_type": 6001, "loc": [0.0979899987578392, 0.08065199851989746, -0.033250000327825546, 0.5122568011283875, -0.8580390214920044, -0.03690502420067787, 0.0, 0.0429711639881134, -0.9990763068199158, 0.8588323593139648, 0.5117835998535156, 0.022012269124388695], "unit": 112, "unit_mul": 0, "ch_name": "MEG 036", "coord_frame": 1}, {"scanno": 38, "logno": 38, "kind": 1, "range": 1.0, "cal": 1.0, "coil_type": 6001, "loc": [0.1167839989066124, 0.03467800095677376, -0.03292199969291687, 0.18533620238304138, -0.9709823727607727, -0.15114139020442963, 0.0, 0.15380606055259705, -0.988101065158844, 0.9826751947402954, 0.1831308901309967, 0.028505830094218254], "unit": 112, "unit_mul": 0, "ch_name": "MEG 037", "coord_frame": 1}, {"scanno": 39, "logno": 39, "kind": 1, "range": 1.0, "cal": 1.0, "coil_type": 6001, "loc": [0.09559500217437744, 0.08381500095129013, -0.005710000172257423, -0.5247354507446289, 0.8507929444313049, -0.028356971219182014, 0.0, 0.03331155329942703, 0.9994450211524963, 0.8512653708457947, 0.5244442224502563, -0.017479751259088516], "unit": 112, "unit_mul": 0, "ch_name": "MEG 038", "coord_frame": 1}, {"scanno": 40, "logno": 40, "kind": 1, "range": 1.0, "cal": 1.0, "coil_type": 6001, "loc": [0.10792700201272964, 0.06010200083255768, -0.004825000185519457, 0.3717069923877716, -0.9249087572097778, -0.07986080646514893, 0.0, 0.0860244557261467, -0.9962930083274841, 0.9283500909805298, 0.3703290820121765, 0.031975891441106796], "unit": 112, "unit_mul": 0, "ch_name": "MEG 039", "coord_frame": 1}, {"scanno": 41, "logno": 41, "kind": 1, "range": 1.0, "cal": 1.0, "coil_type": 6001, "loc": [0.11512599885463715, 0.012679999694228172, -0.005716999992728233, 0.0565183199942112, 0.9609646797180176, -0.27083683013916016, 0.0, 0.2712704539299011, 0.96250319480896, 0.9984015822410583, -0.05439906194806099, 0.015331749804317951], "unit": 112, "unit_mul": 0, "ch_name": "MEG 040", "coord_frame": 1}, {"scanno": 42, "logno": 42, "kind": 1, "range": 1.0, "cal": 1.0, "coil_type": 6001, "loc": [0.0937810018658638, 0.08520500361919403, 0.017229000106453896, 0.5631170868873596, -0.8119778633117676, -0.15359392762184143, 0.0, 0.18586421012878418, -0.9825754165649414, 0.8263770937919617, 0.5533050298690796, 0.10466331243515015], "unit": 112, "unit_mul": 0, "ch_name": "MEG 041", "coord_frame": 1}, {"scanno": 43, "logno": 43, "kind": 1, "range": 1.0, "cal": 1.0, "coil_type": 6001, "loc": [0.1123960018157959, 0.03982200101017952, 0.01822900027036667, 0.2057093232870102, -0.9167762994766235, -0.342352032661438, 0.0, 0.3498338758945465, -0.9368117451667786, 0.9786131381988525, 0.19271092116832733, 0.0719640925526619], "unit": 112, "unit_mul": 0, "ch_name": "MEG 042", "coord_frame": 1}, {"scanno": 44, "logno": 44, "kind": 1, "range": 1.0, "cal": 1.0, "coil_type": 6001, "loc": [0.09223300218582153, 0.08050499856472015, 0.03946100175380707, 0.6200757622718811, -0.7084695100784302, -0.3370119035243988, 0.0, 0.4295651912689209, -0.9030358195304871, 0.7845419645309448, 0.5599506497383118, 0.2663629651069641], "unit": 112, "unit_mul": 0, "ch_name": "MEG 043", "coord_frame": 1}, {"scanno": 45, "logno": 45, "kind": 1, "range": 1.0, "cal": 1.0, "coil_type": 6001, "loc": [0.10280100256204605, 0.05929600074887276, 0.038495998829603195, 0.41836240887641907, -0.7393356561660767, -0.5275942087173462, 0.0, 0.5808717012405396, -0.8139951229095459, 0.9082801938056946, 0.3405449688434601, 0.2430148720741272], "unit": 112, "unit_mul": 0, "ch_name": "MEG 044", "coord_frame": 1}, {"scanno": 46, "logno": 46, "kind": 1, "range": 1.0, "cal": 1.0, "coil_type": 6001, "loc": [0.11093500256538391, 0.011669999919831753, 0.03901100158691406, 0.26435595750808716, 0.11436910927295685, -0.9576197862625122, 0.0, 0.9929435849189758, 0.11858784407377243, 0.9644252061843872, -0.03134940192103386, 0.26249054074287415], "unit": 112, "unit_mul": 0, "ch_name": "MEG 045", "coord_frame": 1}, {"scanno": 47, "logno": 47, "kind": 1, "range": 1.0, "cal": 1.0, "coil_type": 6001, "loc": [0.0889350026845932, 0.07120300084352493, 0.05930599942803383, 0.6412621736526489, -0.55705326795578, -0.5277068614959717, 0.0, 0.6877255439758301, -0.7259707450866699, 0.7673218846321106, 0.46553757786750793, 0.44101235270500183], "unit": 112, "unit_mul": 0, "ch_name": "MEG 046", "coord_frame": 1}, {"scanno": 48, "logno": 48, "kind": 1, "range": 1.0, "cal": 1.0, "coil_type": 6001, "loc": [0.10304199904203415, 0.02546199969947338, 0.05651000142097473, 0.4258478879928589, -0.08413854986429214, -0.9008741974830627, 0.0, 0.9956668615341187, -0.09299186617136002, 0.9047947525978088, 0.03960039094090462, 0.42400264739990234], "unit": 112, "unit_mul": 0, "ch_name": "MEG 047", "coord_frame": 1}, {"scanno": 49, "logno": 49, "kind": 1, "range": 1.0, "cal": 1.0, "coil_type": 6001, "loc": [0.11268399655818939, -0.022319000214338303, -0.05651199817657471, 0.08939206600189209, 0.9338271021842957, -0.3463754951953888, 0.0, 0.34776780009269714, 0.9375807046890259, 0.9959965348243713, -0.08381227403879166, 0.031087681651115417], "unit": 112, "unit_mul": 0, "ch_name": "MEG 048", "coord_frame": 1}, {"scanno": 50, "logno": 50, "kind": 1, "range": 1.0, "cal": 1.0, "coil_type": 6001, "loc": [0.10843899846076965, -0.04231899976730347, -0.03031199984252453, 0.266146719455719, 0.9540665745735168, -0.13756071031093597, 0.0, 0.14270782470703125, 0.9897648692131042, 0.9639325141906738, -0.2634226679801941, 0.03798121586441994], "unit": 112, "unit_mul": 0, "ch_name": "MEG 049", "coord_frame": 1}, {"scanno": 51, "logno": 51, "kind": 1, "range": 1.0, "cal": 1.0, "coil_type": 6001, "loc": [0.09772200137376785, -0.06562300026416779, -0.05621099844574928, 0.48341619968414307, 0.875321626663208, -0.010992366820573807, 0.0, 0.01255709957331419, 0.9999211430549622, 0.8753906488418579, -0.4833780825138092, 0.006070305127650499], "unit": 112, "unit_mul": 0, "ch_name": "MEG 050", "coord_frame": 1}, {"scanno": 52, "logno": 52, "kind": 1, "range": 1.0, "cal": 1.0, "coil_type": 6001, "loc": [0.0846249982714653, -0.08580099791288376, -0.057009000331163406, -0.6337484121322632, -0.7730647325515747, -0.027089674025774002, 0.0, 0.03502042591571808, -0.9993866086006165, 0.7735392451286316, -0.6333596706390381, -0.022194139659404755], "unit": 112, "unit_mul": 0, "ch_name": "MEG 051", "coord_frame": 1}, {"scanno": 53, "logno": 53, "kind": 1, "range": 1.0, "cal": 1.0, "coil_type": 6001, "loc": [0.11337599903345108, -0.018201999366283417, -0.032228000462055206, 0.10618404299020767, 0.9385073781013489, -0.3285253345966339, 0.0, 0.3303931951522827, 0.9438433647155762, 0.9943464994430542, -0.10022111237049103, 0.035082485526800156], "unit": 112, "unit_mul": 0, "ch_name": "MEG 052", "coord_frame": 1}, {"scanno": 54, "logno": 54, "kind": 1, "range": 1.0, "cal": 1.0, "coil_type": 6001, "loc": [0.09908600151538849, -0.0644569993019104, -0.02943200059235096, 0.45991039276123047, 0.8868451714515686, -0.044587720185518265, 0.0, 0.05021335557103157, 0.9987385272979736, 0.8879653215408325, -0.4593302309513092, 0.02309364452958107], "unit": 112, "unit_mul": 0, "ch_name": "MEG 053", "coord_frame": 1}, {"scanno": 55, "logno": 55, "kind": 1, "range": 1.0, "cal": 1.0, "coil_type": 6001, "loc": [0.10943000018596649, -0.03901100158691406, -0.003889000043272972, 0.2516734302043915, 0.9516086578369141, -0.1763559877872467, 0.0, 0.18222127854824066, 0.983257532119751, 0.9678122401237488, -0.2474597990512848, 0.045860256999731064], "unit": 112, "unit_mul": 0, "ch_name": "MEG 054", "coord_frame": 1}, {"scanno": 56, "logno": 56, "kind": 1, "range": 1.0, "cal": 1.0, "coil_type": 6001, "loc": [0.08826799690723419, -0.08059900254011154, -0.0019529999699443579, 0.6320313215255737, 0.7738942503929138, -0.04029922932386398, 0.0, 0.052002839744091034, 0.9986469149589539, 0.7749428153038025, -0.6311761736869812, 0.0328674241900444], "unit": 112, "unit_mul": 0, "ch_name": "MEG 055", "coord_frame": 1}, {"scanno": 57, "logno": 57, "kind": 1, "range": 1.0, "cal": 1.0, "coil_type": 6001, "loc": [0.10921499878168106, -0.03558500111103058, 0.019878000020980835, 0.2249261885881424, 0.8813726305961609, -0.41544008255004883, 0.0, 0.42636534571647644, 0.9045510292053223, 0.9743757843971252, -0.20345722138881683, 0.09590073674917221], "unit": 112, "unit_mul": 0, "ch_name": "MEG 056", "coord_frame": 1}, {"scanno": 58, "logno": 58, "kind": 1, "range": 1.0, "cal": 1.0, "coil_type": 6001, "loc": [0.10118400305509567, -0.058378998190164566, 0.02034199982881546, 0.4373818039894104, 0.8683763146400452, -0.23370866477489471, 0.0, 0.25988540053367615, 0.9656394720077515, 0.8992758989334106, -0.4223531186580658, 0.11366914212703705], "unit": 112, "unit_mul": 0, "ch_name": "MEG 057", "coord_frame": 1}, {"scanno": 59, "logno": 59, "kind": 1, "range": 1.0, "cal": 1.0, "coil_type": 6001, "loc": [0.10815799981355667, -0.015564000234007835, 0.03886500000953674, 0.25670209527015686, 0.27556484937667847, -0.9263736009597778, 0.0, 0.9584921002388, 0.28511902689933777, 0.9664905667304993, -0.07319065183401108, 0.24604694545269012], "unit": 112, "unit_mul": 0, "ch_name": "MEG 058", "coord_frame": 1}, {"scanno": 60, "logno": 60, "kind": 1, "range": 1.0, "cal": 1.0, "coil_type": 6001, "loc": [0.10339400172233582, -0.03957400098443031, 0.04014600068330765, 0.36346518993377686, 0.6611461043357849, -0.6563374996185303, 0.0, 0.7045212388038635, 0.7096828818321228, 0.9316077828407288, -0.2579450309276581, 0.2560689449310303], "unit": 112, "unit_mul": 0, "ch_name": "MEG 059", "coord_frame": 1}, {"scanno": 61, "logno": 61, "kind": 1, "range": 1.0, "cal": 1.0, "coil_type": 6001, "loc": [0.09533599764108658, -0.06352800130844116, 0.03948099911212921, 0.5405696630477905, 0.7397978901863098, -0.40060389041900635, 0.0, 0.47617289423942566, 0.8793516755104065, 0.8412992358207703, -0.47535085678100586, 0.257404625415802], "unit": 112, "unit_mul": 0, "ch_name": "MEG 060", "coord_frame": 1}, {"scanno": 62, "logno": 62, "kind": 1, "range": 1.0, "cal": 1.0, "coil_type": 6001, "loc": [0.0814099982380867, -0.08259599655866623, 0.03975899890065193, 0.6736270785331726, 0.6886571049690247, -0.2682870626449585, 0.0, 0.3630055785179138, 0.9317869544029236, 0.7390714287757874, -0.6276769638061523, 0.24453039467334747], "unit": 112, "unit_mul": 0, "ch_name": "MEG 061", "coord_frame": 1}, {"scanno": 63, "logno": 63, "kind": 1, "range": 1.0, "cal": 1.0, "coil_type": 6001, "loc": [0.10383299738168716, 0.00040099999750964344, 0.0578869991004467, 0.4325293004512787, 0.08188311010599136, -0.8978939652442932, 0.0, 0.9958675503730774, 0.09081777930259705, 0.9016198515892029, -0.03928134962916374, 0.43074190616607666], "unit": 112, "unit_mul": 0, "ch_name": "MEG 062", "coord_frame": 1}, {"scanno": 64, "logno": 64, "kind": 1, "range": 1.0, "cal": 1.0, "coil_type": 6001, "loc": [0.09276700019836426, -0.050446998327970505, 0.057353001087903976, 0.5376579165458679, 0.5365466475486755, -0.6504165530204773, 0.0, 0.7714006304740906, 0.6363497972488403, 0.8431630730628967, -0.34213849902153015, 0.4147496819496155], "unit": 112, "unit_mul": 0, "ch_name": "MEG 063", "coord_frame": 1}, {"scanno": 65, "logno": 65, "kind": 1, "range": 1.0, "cal": 1.0, "coil_type": 6001, "loc": [0.007934999652206898, 0.0921420007944107, 0.09515000134706497, 0.9992952346801758, -0.024263538420200348, -0.028641819953918457, 0.0, 0.7630163431167603, -0.6463791728019714, 0.037537623196840286, 0.6459236145019531, 0.7624785900115967], "unit": 112, "unit_mul": 0, "ch_name": "MEG 064", "coord_frame": 1}, {"scanno": 66, "logno": 66, "kind": 1, "range": 1.0, "cal": 1.0, "coil_type": 6001, "loc": [-0.013805000111460686, 0.12697599828243256, 0.03947199881076813, 0.9899141192436218, 0.13608111441135406, 0.039395757019519806, 0.0, 0.2780832052230835, -0.9605569839477539, -0.14166896045207977, 0.9508689045906067, 0.2752784788608551], "unit": 112, "unit_mul": 0, "ch_name": "MEG 065", "coord_frame": 1}, {"scanno": 67, "logno": 67, "kind": 1, "range": 1.0, "cal": 1.0, "coil_type": 6001, "loc": [-0.036233000457286835, 0.12115299701690674, 0.039709001779556274, 0.0994202047586441, -0.2551950216293335, 0.9617645740509033, 0.9317853450775146, 0.3630097806453705, 0.0, -0.34912997484207153, 0.8961581587791443, 0.27387747168540955], "unit": 112, "unit_mul": 0, "ch_name": "MEG 066", "coord_frame": 1}, {"scanno": 68, "logno": 68, "kind": 1, "range": 1.0, "cal": 1.0, "coil_type": 6001, "loc": [-0.05921800062060356, 0.10930799692869186, 0.0399090014398098, 0.15422919392585754, -0.2218049317598343, 0.9628166556358337, 0.8210264444351196, 0.5708901286125183, 0.0, -0.5496625304222107, 0.7904979586601257, 0.2701556384563446], "unit": 112, "unit_mul": 0, "ch_name": "MEG 067", "coord_frame": 1}, {"scanno": 69, "logno": 69, "kind": 1, "range": 1.0, "cal": 1.0, "coil_type": 6001, "loc": [-0.0367950014770031, 0.1114799976348877, 0.06059499830007553, 0.9340347051620483, 0.31220635771751404, 0.17351195216178894, 0.0, 0.4857797920703888, -0.8740812540054321, -0.3571823239326477, 0.816422164440155, 0.4537351727485657], "unit": 112, "unit_mul": 0, "ch_name": "MEG 068", "coord_frame": 1}, {"scanno": 70, "logno": 70, "kind": 1, "range": 1.0, "cal": 1.0, "coil_type": 6001, "loc": [0.008937000297009945, 0.107914999127388, 0.07877200096845627, 0.9947960376739502, -0.08238104730844498, -0.0599515326321125, 0.0, 0.5884158611297607, -0.808558464050293, 0.1018863245844841, 0.804350733757019, 0.5853537917137146], "unit": 112, "unit_mul": 0, "ch_name": "MEG 069", "coord_frame": 1}, {"scanno": 71, "logno": 71, "kind": 1, "range": 1.0, "cal": 1.0, "coil_type": 6001, "loc": [-0.014364000409841537, 0.10535400360822678, 0.07883799821138382, 0.9871180057525635, 0.12510886788368225, 0.09972865134477615, 0.0, 0.6233280301094055, -0.7819604873657227, -0.15999384224414825, 0.7718872427940369, 0.615298330783844], "unit": 112, "unit_mul": 0, "ch_name": "MEG 070", "coord_frame": 1}, {"scanno": 72, "logno": 72, "kind": 1, "range": 1.0, "cal": 1.0, "coil_type": 6001, "loc": [-0.055716998875141144, 0.08568999916315079, 0.08089400082826614, 0.8533061146736145, 0.36167097091674805, 0.375583291053772, 0.0, 0.7203219532966614, -0.693639874458313, -0.5214102864265442, 0.5918871164321899, 0.6146551370620728], "unit": 112, "unit_mul": 0, "ch_name": "MEG 071", "coord_frame": 1}, {"scanno": 73, "logno": 73, "kind": 1, "range": 1.0, "cal": 1.0, "coil_type": 6001, "loc": [-0.06959900259971619, 0.07090099900960922, 0.07819899916648865, -0.34720295667648315, -0.8796417117118835, 0.32508552074432373, 0.683474063873291, 0.0, 0.7299748063087463, -0.6421162486076355, 0.47563692927360535, 0.6012122631072998], "unit": 112, "unit_mul": 0, "ch_name": "MEG 072", "coord_frame": 1}, {"scanno": 74, "logno": 74, "kind": 1, "range": 1.0, "cal": 1.0, "coil_type": 6001, "loc": [-0.08171100169420242, 0.04847399890422821, 0.07733099907636642, -0.21037007868289948, -0.9618566632270813, 0.1748603731393814, 0.6392173767089844, 0.0, 0.7690261006355286, -0.7396929264068604, 0.27355387806892395, 0.6148355007171631], "unit": 112, "unit_mul": 0, "ch_name": "MEG 073", "coord_frame": 1}, {"scanno": 75, "logno": 75, "kind": 1, "range": 1.0, "cal": 1.0, "coil_type": 6001, "loc": [-0.015270000323653221, 0.08814000338315964, 0.09432200342416763, 0.986033022403717, 0.10560334473848343, 0.1287897378206253, 0.0, 0.7732802629470825, -0.6340643763542175, -0.16654987633228302, 0.6252084374427795, 0.7624799013137817], "unit": 112, "unit_mul": 0, "ch_name": "MEG 074", "coord_frame": 1}, {"scanno": 76, "logno": 76, "kind": 1, "range": 1.0, "cal": 1.0, "coil_type": 6001, "loc": [-0.03765000030398369, 0.07702899724245071, 0.09536000341176987, 0.9302952885627747, 0.20620466768741608, 0.30336490273475647, 0.0, 0.8270322680473328, -0.5621544122695923, -0.3668114244937897, 0.5229696035385132, 0.7693842649459839], "unit": 112, "unit_mul": 0, "ch_name": "MEG 075", "coord_frame": 1}, {"scanno": 77, "logno": 77, "kind": 1, "range": 1.0, "cal": 1.0, "coil_type": 6001, "loc": [-0.06865900009870529, 0.037762999534606934, 0.09267199784517288, -0.11795847117900848, -0.9830232858657837, 0.14053846895694733, 0.765956699848175, 0.0, 0.6428921818733215, -0.6319779753684998, 0.18348096311092377, 0.7529532313346863], "unit": 112, "unit_mul": 0, "ch_name": "MEG 076", "coord_frame": 1}, {"scanno": 78, "logno": 78, "kind": 1, "range": 1.0, "cal": 1.0, "coil_type": 6001, "loc": [-0.027358999475836754, 0.0656369999051094, 0.10871999710798264, 0.9627930521965027, 0.1219395250082016, 0.24116438627243042, 0.0, 0.892409086227417, -0.45122724771499634, -0.2702397108078003, 0.43443846702575684, 0.8592053055763245], "unit": 112, "unit_mul": 0, "ch_name": "MEG 077", "coord_frame": 1}, {"scanno": 79, "logno": 79, "kind": 1, "range": 1.0, "cal": 1.0, "coil_type": 6001, "loc": [-0.045701999217271805, 0.05049600079655647, 0.10705199837684631, -0.14046746492385864, -0.9502511620521545, 0.2780137360095978, 0.8925436735153198, 0.0, 0.45096099376678467, -0.4285261929035187, 0.3114847242832184, 0.8481406569480896], "unit": 112, "unit_mul": 0, "ch_name": "MEG 078", "coord_frame": 1}, {"scanno": 80, "logno": 80, "kind": 1, "range": 1.0, "cal": 1.0, "coil_type": 6001, "loc": [-0.0066999997943639755, 0.05024600028991699, 0.1152380034327507, -0.021771393716335297, -0.960280179977417, 0.2781869173049927, 0.9969515204429626, 0.0, 0.07802316546440125, -0.07492410391569138, 0.27903756499290466, 0.9573528170585632], "unit": 112, "unit_mul": 0, "ch_name": "MEG 079", "coord_frame": 1}, {"scanno": 81, "logno": 81, "kind": 1, "range": 1.0, "cal": 1.0, "coil_type": 6001, "loc": [-0.08996299654245377, -0.003541999962180853, 0.07913900166749954, -0.043974049389362335, -0.9984973669052124, 0.0327007956802845, 0.5967279672622681, 0.0, 0.8024436235427856, -0.8012378215789795, 0.05480017513036728, 0.5958312749862671], "unit": 112, "unit_mul": 0, "ch_name": "MEG 080", "coord_frame": 1}, {"scanno": 82, "logno": 82, "kind": 1, "range": 1.0, "cal": 1.0, "coil_type": 6001, "loc": [-0.08669000118970871, -0.02688699960708618, 0.08115299791097641, 0.12479058653116226, -0.9866906404495239, -0.10425402969121933, 0.6411343216896057, 0.0, 0.7674286365509033, -0.7572146654129028, -0.16260871291160583, 0.632601261138916], "unit": 112, "unit_mul": 0, "ch_name": "MEG 081", "coord_frame": 1}, {"scanno": 83, "logno": 83, "kind": 1, "range": 1.0, "cal": 1.0, "coil_type": 6001, "loc": [-0.07559800148010254, -0.0482730008661747, 0.08131399750709534, 0.26355844736099243, -0.930850625038147, -0.2530891001224518, 0.6926357746124268, 0.0, 0.7212874889373779, -0.6714109182357788, -0.3653999865055084, 0.6447404623031616], "unit": 112, "unit_mul": 0, "ch_name": "MEG 082", "coord_frame": 1}, {"scanno": 84, "logno": 84, "kind": 1, "range": 1.0, "cal": 1.0, "coil_type": 6001, "loc": [-0.04601500183343887, -0.08337999880313873, 0.08372599631547928, 0.3398439288139343, -0.7688058614730835, -0.5417044162750244, 0.8470984101295471, 0.0, 0.5314360857009888, -0.40857115387916565, -0.6394822597503662, 0.6512542366981506], "unit": 112, "unit_mul": 0, "ch_name": "MEG 083", "coord_frame": 1}, {"scanno": 85, "logno": 85, "kind": 1, "range": 1.0, "cal": 1.0, "coil_type": 6001, "loc": [-0.00120599998626858, -0.09887900203466415, 0.08187399804592133, 0.00045760979992337525, -0.6362398266792297, -0.7714912295341492, 0.9999998211860657, 0.0, 0.0005931496270932257, -0.00037738538230769336, -0.7714913487434387, 0.6362397074699402], "unit": 112, "unit_mul": 0, "ch_name": "MEG 084", "coord_frame": 1}, {"scanno": 86, "logno": 86, "kind": 1, "range": 1.0, "cal": 1.0, "coil_type": 6001, "loc": [-0.07315099984407425, 0.00800000037997961, 0.09185300022363663, -0.030997276306152344, -0.9989522099494934, 0.03366903215646744, 0.7356939911842346, 0.0, 0.6773141026496887, -0.6766044497489929, 0.045764997601509094, 0.7349231243133545], "unit": 112, "unit_mul": 0, "ch_name": "MEG 085", "coord_frame": 1}, {"scanno": 87, "logno": 87, "kind": 1, "range": 1.0, "cal": 1.0, "coil_type": 6001, "loc": [-0.04802300035953522, -0.06132800132036209, 0.09884899854660034, 0.21584676206111908, -0.8867165446281433, -0.4088324308395386, 0.8843185901641846, 0.0, 0.46688395738601685, -0.4139937162399292, -0.46231353282928467, 0.7841399312019348], "unit": 112, "unit_mul": 0, "ch_name": "MEG 086", "coord_frame": 1}, {"scanno": 88, "logno": 88, "kind": 1, "range": 1.0, "cal": 1.0, "coil_type": 6001, "loc": [-0.026794999837875366, -0.07617899775505066, 0.09870299696922302, 0.16966333985328674, -0.8037180304527283, -0.5703083872795105, 0.9584848284721375, 0.0, 0.28514352440834045, -0.22917500138282776, -0.5950103402137756, 0.7703515291213989], "unit": 112, "unit_mul": 0, "ch_name": "MEG 087", "coord_frame": 1}, {"scanno": 89, "logno": 89, "kind": 1, "range": 1.0, "cal": 1.0, "coil_type": 6001, "loc": [-0.05952899903059006, 0.005921000149101019, 0.10616900026798248, -0.02022942155599594, -0.9993178248405457, 0.03089790791273117, 0.8366352915763855, 0.0, 0.5477603077888489, -0.547386646270752, 0.03693115711212158, 0.8360645771026611], "unit": 112, "unit_mul": 0, "ch_name": "MEG 088", "coord_frame": 1}, {"scanno": 90, "logno": 90, "kind": 1, "range": 1.0, "cal": 1.0, "coil_type": 6001, "loc": [-0.05446099862456322, -0.019733000546693802, 0.10579299926757812, 0.034471310675144196, -0.9974117875099182, -0.06309875845909119, 0.8775807619094849, 0.0, 0.47942879796028137, -0.4781879186630249, -0.07190079241991043, 0.875309407711029], "unit": 112, "unit_mul": 0, "ch_name": "MEG 089", "coord_frame": 1}, {"scanno": 91, "logno": 91, "kind": 1, "range": 1.0, "cal": 1.0, "coil_type": 6001, "loc": [-0.04499699920415878, -0.042080000042915344, 0.10918799787759781, 0.12269775569438934, -0.9601855278015137, -0.2509761452674866, 0.8983867168426514, 0.0, 0.43920525908470154, -0.4217185378074646, -0.27936312556266785, 0.8626179695129395], "unit": 112, "unit_mul": 0, "ch_name": "MEG 090", "coord_frame": 1}, {"scanno": 92, "logno": 92, "kind": 1, "range": 1.0, "cal": 1.0, "coil_type": 6001, "loc": [-0.0018189999973401427, -0.0631449967622757, 0.1110830008983612, 0.012888834811747074, -0.8794308304786682, -0.4758521616458893, 0.9996333718299866, 0.0, 0.027075866237282753, -0.023811351507902145, -0.4760266840457916, 0.8791084289550781], "unit": 112, "unit_mul": 0, "ch_name": "MEG 091", "coord_frame": 1}, {"scanno": 93, "logno": 93, "kind": 1, "range": 1.0, "cal": 1.0, "coil_type": 6001, "loc": [-0.040015000849962234, 0.01497699972242117, 0.11561600118875504, -0.016775336116552353, -0.9989590644836426, 0.04241842404007912, 0.9299212694168091, 0.0, 0.3677586615085602, -0.36737585067749023, 0.045615069568157196, 0.9289532899856567], "unit": 112, "unit_mul": 0, "ch_name": "MEG 092", "coord_frame": 1}, {"scanno": 94, "logno": 94, "kind": 1, "range": 1.0, "cal": 1.0, "coil_type": 6001, "loc": [-0.02427300065755844, -0.03364799916744232, 0.11877500265836716, 0.04341520741581917, -0.9789896011352539, -0.19923467934131622, 0.9770710468292236, 0.0, 0.21291345357894897, -0.20844006538391113, -0.20391012728214264, 0.956542432308197], "unit": 112, "unit_mul": 0, "ch_name": "MEG 093", "coord_frame": 1}, {"scanno": 95, "logno": 95, "kind": 1, "range": 1.0, "cal": 1.0, "coil_type": 6001, "loc": [-0.014977999962866306, 0.019524000585079193, 0.11797399818897247, -0.005028160754591227, -0.9992679953575134, 0.03792405501008034, 0.9913248419761658, 0.0, 0.13143479824066162, -0.13133858144283295, 0.03825593367218971, 0.9905991554260254], "unit": 112, "unit_mul": 0, "ch_name": "MEG 094", "coord_frame": 1}, {"scanno": 96, "logno": 96, "kind": 1, "range": 1.0, "cal": 1.0, "coil_type": 6001, "loc": [-0.01881299912929535, -0.00534699996933341, 0.11914099752902985, -0.0032078814692795277, -0.9998763799667358, 0.015392772853374481, 0.978967010974884, 0.0, 0.2040184885263443, -0.20399326086044312, 0.01572348363697529, 0.97884601354599], "unit": 112, "unit_mul": 0, "ch_name": "MEG 095", "coord_frame": 1}, {"scanno": 97, "logno": 97, "kind": 1, "range": 1.0, "cal": 1.0, "coil_type": 6001, "loc": [-0.08835499733686447, 0.09349799901247025, -0.05490000173449516, 0.04972938820719719, -0.03416522964835167, 0.9981781840324402, 0.5662618279457092, 0.8242254257202148, 0.0, -0.8227238655090332, 0.5652301907539368, 0.060334693640470505], "unit": 112, "unit_mul": 0, "ch_name": "MEG 096", "coord_frame": 1}, {"scanno": 98, "logno": 98, "kind": 1, "range": 1.0, "cal": 1.0, "coil_type": 6001, "loc": [-0.10199999809265137, 0.07041899859905243, -0.05333700031042099, 0.06274294853210449, -0.030906837433576584, 0.9975510239601135, 0.4418911635875702, 0.8970686793327332, 0.0, -0.8948717713356018, 0.4408089816570282, 0.06994219124317169], "unit": 112, "unit_mul": 0, "ch_name": "MEG 097", "coord_frame": 1}, {"scanno": 99, "logno": 99, "kind": 1, "range": 1.0, "cal": 1.0, "coil_type": 6001, "loc": [-0.11034999787807465, 0.04944700002670288, -0.053984999656677246, 0.07348135113716125, -0.017860407009720802, 0.997136652469635, 0.23618383705615997, 0.9717084169387817, 0.0, -0.9689260721206665, 0.2355075627565384, 0.07562078535556793], "unit": 112, "unit_mul": 0, "ch_name": "MEG 098", "coord_frame": 1}, {"scanno": 100, "logno": 100, "kind": 1, "range": 1.0, "cal": 1.0, "coil_type": 6001, "loc": [-0.11377499997615814, 0.025830000638961792, -0.05451099947094917, -0.05832076445221901, -0.9982873201370239, 0.004593707155436277, 0.07852302491664886, 0.0, 0.9969123005867004, -0.9952049255371094, 0.05850140005350113, 0.07838854193687439], "unit": 112, "unit_mul": 0, "ch_name": "MEG 099", "coord_frame": 1}, {"scanno": 101, "logno": 101, "kind": 1, "range": 1.0, "cal": 1.0, "coil_type": 6001, "loc": [-0.08657500147819519, 0.09288500249385834, -0.030489999800920486, 0.0320880152285099, -0.026414135470986366, 0.9991359710693359, 0.6355453729629517, 0.7720634937286377, 0.0, -0.7713963985443115, 0.63499